    0   36
    0    0 -.85371D-06 0.00000D+00
    1   -1 0.26683D-06 -.64990D-05
    1    0 -.56838D-05 0.00000D+00
    1    1 -.26683D-06 -.64990D-05
    2   -2 -.31836D-03 -.37741D-03
    2   -1 -.40605D-04 0.69451D-03
    2    0 0.83819D-03 0.00000D+00
    2    1 0.40605D-04 0.69451D-03
    2    2 -.31836D-03 0.37741D-03
    3   -3 -.23994D-03 -.37938D-04
    3   -2 0.50532D-03 0.24082D-04
    3   -1 0.15436D-03 0.23378D-03
    3    0 -.28700D-03 0.00000D+00
    3    1 -.15436D-03 0.23378D-03
    3    2 0.50532D-03 -.24082D-04
    3    3 0.23994D-03 -.37938D-04
    4   -4 0.77075D-04 0.16298D-03
    4   -3 0.27742D-03 0.37070D-03
    4   -2 0.67556D-04 -.16223D-03
    4   -1 0.68181D-04 -.13454D-03
    4    0 -.27314D-03 0.00000D+00
    4    1 -.68181D-04 -.13454D-03
    4    2 0.67556D-04 0.16223D-03
    4    3 -.27742D-03 0.37070D-03
    4    4 0.77075D-04 -.16298D-03
    5   -5 -.59389D-04 -.17430D-03
    5   -4 0.31056D-03 0.33167D-03
    5   -3 -.12689D-03 0.11399D-03
    5   -2 0.39108D-03 -.11393D-03
    5   -1 -.23052D-03 0.20222D-03
    5    0 0.51040D-03 0.00000D+00
    5    1 0.23052D-03 0.20222D-03
    5    2 0.39108D-03 0.11393D-03
    5    3 0.12689D-03 0.11399D-03
    5    4 0.31056D-03 -.33167D-03
    5    5 0.59389D-04 -.17430D-03
    6   -6 -.24482D-03 -.16219D-03
    6   -5 0.91186D-04 0.70553D-04
    6   -4 0.12930D-03 -.22964D-03
    6   -3 -.28000D-03 -.11594D-03
    6   -2 -.32204D-04 -.63825D-05
    6   -1 -.98017D-04 0.22741D-03
    6    0 -.94180D-04 0.00000D+00
    6    1 0.98017D-04 0.22741D-03
    6    2 -.32204D-04 0.63825D-05
    6    3 0.28000D-03 -.11594D-03
    6    4 0.12930D-03 0.22964D-03
    6    5 -.91186D-04 0.70553D-04
    6    6 -.24482D-03 0.16219D-03
    7   -7 0.86970D-04 -.23811D-03
    7   -6 0.50333D-04 0.20051D-03
    7   -5 0.23974D-03 -.27923D-03
    7   -4 -.80439D-04 0.19616D-03
    7   -3 0.26713D-04 -.37483D-04
    7   -2 -.36412D-04 0.21879D-03
    7   -1 0.99802D-04 -.24455D-03
    7    0 0.20786D-04 0.00000D+00
    7    1 -.99802D-04 -.24455D-03
    7    2 -.36412D-04 -.21879D-03
    7    3 -.26713D-04 -.37483D-04
    7    4 -.80439D-04 -.19616D-03
    7    5 -.23974D-03 -.27923D-03
    7    6 0.50333D-04 -.20051D-03
    7    7 -.86970D-04 -.23811D-03
    8   -8 0.13042D-03 -.26085D-03
    8   -7 0.15471D-03 0.11801D-03
    8   -6 0.14533D-03 -.86893D-06
    8   -5 -.11790D-03 0.11181D-03
    8   -4 -.12891D-03 0.50211D-04
    8   -3 0.70653D-04 0.97114D-04
    8   -2 0.12354D-03 0.14812D-03
    8   -1 0.96544D-04 0.13496D-03
    8    0 0.47780D-04 0.00000D+00
    8    1 -.96544D-04 0.13496D-03
    8    2 0.12354D-03 -.14812D-03
    8    3 -.70653D-04 0.97114D-04
    8    4 -.12891D-03 -.50211D-04
    8    5 0.11790D-03 0.11181D-03
    8    6 0.14533D-03 0.86893D-06
    8    7 -.15471D-03 0.11801D-03
    8    8 0.13042D-03 0.26085D-03
    9   -9 0.28636D-03 -.35043D-05
    9   -8 -.70320D-04 -.97564D-06
    9   -7 0.18118D-03 0.37762D-04
    9   -6 -.16166D-03 -.53721D-04
    9   -5 0.97528D-04 0.27593D-04
    9   -4 0.20928D-04 -.87263D-04
    9   -3 -.76076D-04 -.44690D-04
    9   -2 -.45864D-04 -.17566D-03
    9   -1 -.27993D-04 -.16970D-04
    9    0 0.28601D-04 0.00000D+00
    9    1 0.27993D-04 -.16970D-04
    9    2 -.45864D-04 0.17566D-03
    9    3 0.76076D-04 -.44690D-04
    9    4 0.20928D-04 0.87263D-04
    9    5 -.97528D-04 0.27593D-04
    9    6 -.16166D-03 0.53721D-04
    9    7 -.18118D-03 0.37762D-04
    9    8 -.70320D-04 0.97564D-06
    9    9 -.28636D-03 -.35043D-05
   10  -10 0.42487D-04 0.42598D-04
   10   -9 -.16451D-03 0.77459D-04
   10   -8 0.11399D-04 -.10074D-03
   10   -7 -.27855D-04 -.14836D-03
   10   -6 -.24913D-04 0.80391D-04
   10   -5 0.10186D-03 0.15942D-03
   10   -4 -.97250D-04 0.51963D-04
   10   -3 0.36477D-04 -.13285D-03
   10   -2 0.12272D-04 0.32990D-04
   10   -1 0.51287D-04 0.99564D-05
   10    0 0.10917D-03 0.00000D+00
   10    1 -.51287D-04 0.99564D-05
   10    2 0.12272D-04 -.32990D-04
   10    3 -.36477D-04 -.13285D-03
   10    4 -.97250D-04 -.51963D-04
   10    5 -.10186D-03 0.15942D-03
   10    6 -.24913D-04 -.80391D-04
   10    7 0.27855D-04 -.14836D-03
   10    8 0.11399D-04 0.10074D-03
   10    9 0.16451D-03 0.77459D-04
   10   10 0.42487D-04 -.42598D-04
   11  -11 -.10138D-03 -.26619D-04
   11  -10 -.97966D-04 -.43773D-04
   11   -9 -.11623D-04 -.63101D-04
   11   -8 -.11925D-04 -.58178D-04
   11   -7 0.21556D-04 0.11455D-03
   11   -6 0.94738D-04 0.14820D-04
   11   -5 -.30000D-04 -.77450D-05
   11   -4 -.61332D-04 0.71188D-04
   11   -3 0.17029D-04 0.10257D-03
   11   -2 -.46697D-04 0.14230D-03
   11   -1 -.63801D-04 0.78294D-04
   11    0 -.13383D-03 0.00000D+00
   11    1 0.63801D-04 0.78294D-04
   11    2 -.46697D-04 -.14230D-03
   11    3 -.17029D-04 0.10257D-03
   11    4 -.61332D-04 -.71188D-04
   11    5 0.30000D-04 -.77450D-05
   11    6 0.94738D-04 -.14820D-04
   11    7 -.21556D-04 0.11455D-03
   11    8 -.11925D-04 0.58178D-04
   11    9 0.11623D-04 -.63101D-04
   11   10 -.97966D-04 0.43773D-04
   11   11 0.10138D-03 -.26619D-04
   12  -12 -.17259D-03 -.23738D-04
   12  -11 0.37906D-04 -.14182D-03
   12  -10 0.67606D-04 -.14078D-04
   12   -9 -.34024D-04 -.36846D-04
   12   -8 0.26599D-04 0.47555D-04
   12   -7 -.44640D-05 0.59623D-04
   12   -6 -.12624D-03 -.11964D-03
   12   -5 -.33820D-04 0.15275D-04
   12   -4 -.27574D-04 -.29342D-05
   12   -3 0.15500D-04 0.37377D-04
   12   -2 -.11541D-03 -.74988D-04
   12   -1 -.17894D-04 -.41139D-04
   12    0 0.90874D-04 0.00000D+00
   12    1 0.17894D-04 -.41139D-04
   12    2 -.11541D-03 0.74988D-04
   12    3 -.15500D-04 0.37377D-04
   12    4 -.27574D-04 0.29342D-05
   12    5 0.33820D-04 0.15275D-04
   12    6 -.12624D-03 0.11964D-03
   12    7 0.44640D-05 0.59623D-04
   12    8 0.26599D-04 -.47555D-04
   12    9 0.34024D-04 -.36846D-04
   12   10 0.67606D-04 0.14078D-04
   12   11 -.37906D-04 -.14182D-03
   12   12 -.17259D-03 0.23738D-04
   13  -13 -.52941D-04 -.11261D-03
   13  -12 -.11808D-07 0.15740D-04
   13  -11 -.96564D-05 -.35814D-04
   13  -10 0.13463D-03 0.32614D-04
   13   -9 0.12399D-04 0.14607D-03
   13   -8 -.21017D-04 0.33126D-07
   13   -7 0.11148D-03 -.72995D-04
   13   -6 -.18577D-04 0.17977D-04
   13   -5 -.20221D-05 0.12434D-03
   13   -4 -.42787D-04 -.43035D-04
   13   -3 0.34005D-04 -.11005D-03
   13   -2 0.22722D-04 -.65414D-04
   13   -1 0.11056D-03 0.52451D-04
   13    0 0.49966D-04 0.00000D+00
   13    1 -.11056D-03 0.52451D-04
   13    2 0.22722D-04 0.65414D-04
   13    3 -.34005D-04 -.11005D-03
   13    4 -.42787D-04 0.43035D-04
   13    5 0.20221D-05 0.12434D-03
   13    6 -.18577D-04 -.17977D-04
   13    7 -.11148D-03 -.72995D-04
   13    8 -.21017D-04 -.33126D-07
   13    9 -.12399D-04 0.14607D-03
   13   10 0.13463D-03 -.32614D-04
   13   11 0.96564D-05 -.35814D-04
   13   12 -.11808D-07 -.15740D-04
   13   13 0.52941D-04 -.11261D-03
   14  -14 0.70340D-04 -.15204D-03
   14  -13 -.35671D-04 0.16009D-04
   14  -12 -.90580D-05 0.39378D-04
   14  -11 0.34552D-05 -.37472D-04
   14  -10 -.15959D-05 0.10838D-03
   14   -9 -.91904D-04 -.18959D-04
   14   -8 0.29535D-04 -.58298D-04
   14   -7 -.47099D-04 0.13012D-04
   14   -6 0.65613D-05 0.45990D-04
   14   -5 0.18582D-04 -.17768D-04
   14   -4 -.49615D-04 -.41047D-04
   14   -3 -.20550D-04 0.75050D-04
   14   -2 0.21178D-04 0.10522D-04
   14   -1 -.49088D-04 0.42313D-04
   14    0 -.68796D-04 0.00000D+00
   14    1 0.49088D-04 0.42313D-04
   14    2 0.21178D-04 -.10522D-04
   14    3 0.20550D-04 0.75050D-04
   14    4 -.49615D-04 0.41047D-04
   14    5 -.18582D-04 -.17768D-04
   14    6 0.65613D-05 -.45990D-04
   14    7 0.47099D-04 0.13012D-04
   14    8 0.29535D-04 0.58298D-04
   14    9 0.91904D-04 -.18959D-04
   14   10 -.15959D-05 -.10838D-03
   14   11 -.34552D-05 -.37472D-04
   14   12 -.90580D-05 -.39378D-04
   14   13 0.35671D-04 0.16009D-04
   14   14 0.70340D-04 0.15204D-03
   15  -15 -.82447D-05 0.21920D-04
   15  -14 -.69992D-04 0.38367D-04
   15  -13 0.72019D-04 -.31939D-04
   15  -12 -.26021D-04 0.53638D-04
   15  -11 -.34395D-04 -.38938D-05
   15  -10 0.11539D-03 -.68222D-04
   15   -9 0.54327D-04 -.83655D-04
   15   -8 0.19976D-04 -.70122D-05
   15   -7 -.10495D-03 0.53307D-04
   15   -6 0.42464D-04 -.38405D-04
   15   -5 -.51241D-04 0.36146D-04
   15   -4 -.14969D-04 0.23044D-04
   15   -3 -.32150D-05 0.42231D-04
   15   -2 -.33721D-04 -.99791D-05
   15   -1 -.21405D-04 -.66019D-04
   15    0 0.34271D-04 0.00000D+00
   15    1 0.21405D-04 -.66019D-04
   15    2 -.33721D-04 0.99791D-05
   15    3 0.32150D-05 0.42231D-04
   15    4 -.14969D-04 -.23044D-04
   15    5 0.51241D-04 0.36146D-04
   15    6 0.42464D-04 0.38405D-04
   15    7 0.10495D-03 0.53307D-04
   15    8 0.19976D-04 0.70122D-05
   15    9 -.54327D-04 -.83655D-04
   15   10 0.11539D-03 0.68222D-04
   15   11 0.34395D-04 -.38938D-05
   15   12 -.26021D-04 -.53638D-04
   15   13 -.72019D-04 -.31939D-04
   15   14 -.69992D-04 -.38367D-04
   15   15 0.82447D-05 0.21920D-04
   16  -16 0.45251D-04 0.38763D-04
   16  -15 -.65701D-04 0.65639D-05
   16  -14 0.57936D-04 0.20442D-04
   16  -13 0.24585D-04 0.49484D-04
   16  -12 -.87276D-04 0.74459D-05
   16  -11 0.72853D-04 -.46952D-04
   16  -10 0.23131D-04 0.19211D-04
   16   -9 0.69221D-05 -.13575D-04
   16   -8 -.63219D-04 0.36378D-04
   16   -7 -.17760D-05 -.84693D-05
   16   -6 0.37979D-04 -.25980D-04
   16   -5 -.24283D-04 0.49177D-04
   16   -4 -.17484D-04 -.18661D-04
   16   -3 -.48602D-04 -.16336D-04
   16   -2 0.62128D-04 -.45052D-04
   16   -1 0.31528D-04 -.14037D-04
   16    0 0.55519D-04 0.00000D+00
   16    1 -.31528D-04 -.14037D-04
   16    2 0.62128D-04 0.45052D-04
   16    3 0.48602D-04 -.16336D-04
   16    4 -.17484D-04 0.18661D-04
   16    5 0.24283D-04 0.49177D-04
   16    6 0.37979D-04 0.25980D-04
   16    7 0.17760D-05 -.84693D-05
   16    8 -.63219D-04 -.36378D-04
   16    9 -.69221D-05 -.13575D-04
   16   10 0.23131D-04 -.19211D-04
   16   11 -.72853D-04 -.46952D-04
   16   12 -.87276D-04 -.74459D-05
   16   13 -.24585D-04 0.49484D-04
   16   14 0.57936D-04 -.20442D-04
   16   15 0.65701D-04 0.65639D-05
   16   16 0.45251D-04 -.38763D-04
   17  -17 0.11197D-05 0.21041D-05
   17  -16 -.27465D-05 -.35217D-05
   17  -15 -.58131D-06 0.27350D-05
   17  -14 -.14331D-05 0.15986D-07
   17  -13 -.13052D-05 -.56386D-06
   17  -12 0.26141D-06 0.32527D-05
   17  -11 0.10578D-05 0.10632D-05
   17  -10 0.17696D-05 0.30258D-05
   17   -9 0.28670D-05 -.10173D-05
   17   -8 -.43779D-06 0.35724D-06
   17   -7 0.14631D-05 -.15362D-05
   17   -6 0.17095D-05 -.12257D-05
   17   -5 -.68588D-06 -.12700D-05
   17   -4 -.28695D-05 0.12268D-05
   17   -3 -.22244D-05 -.81390D-06
   17   -2 0.50206D-06 0.19287D-05
   17   -1 0.10302D-05 0.67561D-06
   17    0 -.34630D-06 0.00000D+00
   17    1 -.10302D-05 0.67561D-06
   17    2 0.50206D-06 -.19287D-05
   17    3 0.22244D-05 -.81390D-06
   17    4 -.28695D-05 -.12268D-05
   17    5 0.68588D-06 -.12700D-05
   17    6 0.17095D-05 0.12257D-05
   17    7 -.14631D-05 -.15362D-05
   17    8 -.43779D-06 -.35724D-06
   17    9 -.28670D-05 -.10173D-05
   17   10 0.17696D-05 -.30258D-05
   17   11 -.10578D-05 0.10632D-05
   17   12 0.26141D-06 -.32527D-05
   17   13 0.13052D-05 -.56386D-06
   17   14 -.14331D-05 -.15986D-07
   17   15 0.58131D-06 0.27350D-05
   17   16 -.27465D-05 0.35217D-05
   17   17 -.11197D-05 0.21041D-05
   18  -18 -.44509D-06 0.21737D-05
   18  -17 -.17245D-05 -.18222D-05
   18  -16 -.20529D-07 0.16726D-05
   18  -15 -.11184D-05 -.16300D-06
   18  -14 -.33762D-07 0.80886D-06
   18  -13 0.10769D-05 0.26625D-06
   18  -12 -.46470D-06 -.29729D-06
   18  -11 0.63723D-06 0.92552D-06
   18  -10 -.29632D-06 -.14493D-05
   18   -9 0.10147D-05 -.12340D-05
   18   -8 0.82051D-07 -.13472D-05
   18   -7 -.33195D-05 0.12669D-05
   18   -6 0.40917D-06 0.15276D-05
   18   -5 0.46610D-06 -.46682D-06
   18   -4 0.10744D-05 0.11350D-05
   18   -3 -.19303D-05 -.94302D-07
   18   -2 -.15855D-05 0.10916D-05
   18   -1 0.15585D-06 -.54500D-06
   18    0 -.56898D-07 0.00000D+00
   18    1 -.15585D-06 -.54500D-06
   18    2 -.15855D-05 -.10916D-05
   18    3 0.19303D-05 -.94302D-07
   18    4 0.10744D-05 -.11350D-05
   18    5 -.46610D-06 -.46682D-06
   18    6 0.40917D-06 -.15276D-05
   18    7 0.33195D-05 0.12669D-05
   18    8 0.82051D-07 0.13472D-05
   18    9 -.10147D-05 -.12340D-05
   18   10 -.29632D-06 0.14493D-05
   18   11 -.63723D-06 0.92552D-06
   18   12 -.46470D-06 0.29729D-06
   18   13 -.10769D-05 0.26625D-06
   18   14 -.33762D-07 -.80886D-06
   18   15 0.11184D-05 -.16300D-06
   18   16 -.20529D-07 -.16726D-05
   18   17 0.17245D-05 -.18222D-05
   18   18 -.44509D-06 -.21737D-05
   19  -19 -.13355D-05 0.85066D-06
   19  -18 -.35678D-06 -.34886D-06
   19  -17 -.92843D-08 0.46944D-06
   19  -16 -.30751D-06 -.14248D-06
   19  -15 0.33692D-06 0.11817D-05
   19  -14 0.10110D-05 -.13366D-05
   19  -13 -.35760D-06 0.27860D-06
   19  -12 -.20489D-06 -.48701D-06
   19  -11 -.83127D-06 -.29043D-06
   19  -10 -.29470D-06 0.24907D-05
   19   -9 0.14707D-05 0.32334D-06
   19   -8 0.54141D-06 0.32957D-06
   19   -7 0.54717D-06 -.17680D-05
   19   -6 -.45601D-06 -.20212D-06
   19   -5 0.64390D-06 0.13031D-05
   19   -4 0.13607D-05 -.52541D-06
   19   -3 0.18666D-05 -.52216D-06
   19   -2 -.16304D-05 -.68697D-06
   19   -1 -.28264D-07 -.37828D-06
   19    0 0.17325D-05 0.00000D+00
   19    1 0.28264D-07 -.37828D-06
   19    2 -.16304D-05 0.68697D-06
   19    3 -.18666D-05 -.52216D-06
   19    4 0.13607D-05 0.52541D-06
   19    5 -.64390D-06 0.13031D-05
   19    6 -.45601D-06 0.20212D-06
   19    7 -.54717D-06 -.17680D-05
   19    8 0.54141D-06 -.32957D-06
   19    9 -.14707D-05 0.32334D-06
   19   10 -.29470D-06 -.24907D-05
   19   11 0.83127D-06 -.29043D-06
   19   12 -.20489D-06 0.48701D-06
   19   13 0.35760D-06 0.27860D-06
   19   14 0.10110D-05 0.13366D-05
   19   15 -.33692D-06 0.11817D-05
   19   16 -.30751D-06 0.14248D-06
   19   17 0.92843D-08 0.46944D-06
   19   18 -.35678D-06 0.34886D-06
   19   19 0.13355D-05 0.85066D-06
   20  -20 -.14079D-05 -.10359D-05
   20  -19 0.79702D-06 0.73248D-06
   20  -18 -.25048D-06 -.53911D-06
   20  -17 0.46189D-06 -.53751D-07
   20  -16 -.97336D-09 0.61437D-06
   20  -15 0.57040D-06 -.11804D-05
   20  -14 -.20168D-06 0.49798D-06
   20  -13 -.32005D-06 -.36842D-06
   20  -12 -.52611D-06 -.11485D-05
   20  -11 0.31038D-06 -.76681D-07
   20  -10 -.67854D-06 0.25107D-06
   20   -9 -.53787D-06 0.86085D-06
   20   -8 0.27368D-06 0.29833D-07
   20   -7 -.15788D-07 -.30768D-06
   20   -6 0.23817D-06 -.33719D-06
   20   -5 -.42415D-06 -.33069D-07
   20   -4 -.72178D-06 0.16002D-06
   20   -3 -.55438D-06 -.24802D-06
   20   -2 0.20253D-07 0.69523D-08
   20   -1 -.96326D-06 0.98364D-06
   20    0 0.11055D-07 0.00000D+00
   20    1 0.96326D-06 0.98364D-06
   20    2 0.20253D-07 -.69523D-08
   20    3 0.55438D-06 -.24802D-06
   20    4 -.72178D-06 -.16002D-06
   20    5 0.42415D-06 -.33069D-07
   20    6 0.23817D-06 0.33719D-06
   20    7 0.15788D-07 -.30768D-06
   20    8 0.27368D-06 -.29833D-07
   20    9 0.53787D-06 0.86085D-06
   20   10 -.67854D-06 -.25107D-06
   20   11 -.31038D-06 -.76681D-07
   20   12 -.52611D-06 0.11485D-05
   20   13 0.32005D-06 -.36842D-06
   20   14 -.20168D-06 -.49798D-06
   20   15 -.57040D-06 -.11804D-05
   20   16 -.97336D-09 -.61437D-06
   20   17 -.46189D-06 -.53751D-07
   20   18 -.25048D-06 0.53911D-06
   20   19 -.79702D-06 0.73248D-06
   20   20 -.14079D-05 0.10359D-05
   21  -21 -.77937D-06 -.25336D-05
   21  -20 0.13268D-05 0.13328D-05
   21  -19 -.41386D-06 -.12130D-05
   21  -18 0.76568D-06 0.54505D-07
   21  -17 -.38085D-06 -.26285D-06
   21  -16 0.12219D-06 -.31819D-06
   21  -15 0.29119D-06 0.39230D-06
   21  -14 -.39854D-06 -.49895D-06
   21  -13 0.73596D-07 -.35167D-06
   21  -12 0.28675D-06 -.11182D-05
   21  -11 -.62597D-06 0.10333D-05
   21  -10 -.38218D-06 -.11940D-06
   21   -9 -.99634D-06 -.18298D-06
   21   -8 0.11497D-05 -.59424D-06
   21   -7 -.24550D-06 0.51267D-06
   21   -6 -.60877D-06 0.85411D-06
   21   -5 0.26414D-07 0.13092D-06
   21   -4 0.56411D-06 -.42591D-06
   21   -3 0.13032D-05 0.23798D-06
   21   -2 0.60617D-06 -.78841D-07
   21   -1 -.16760D-06 -.24180D-06
   21    0 -.78001D-06 0.00000D+00
   21    1 0.16760D-06 -.24180D-06
   21    2 0.60617D-06 0.78841D-07
   21    3 -.13032D-05 0.23798D-06
   21    4 0.56411D-06 0.42591D-06
   21    5 -.26414D-07 0.13092D-06
   21    6 -.60877D-06 -.85411D-06
   21    7 0.24550D-06 0.51267D-06
   21    8 0.11497D-05 0.59424D-06
   21    9 0.99634D-06 -.18298D-06
   21   10 -.38218D-06 0.11940D-06
   21   11 0.62597D-06 0.10333D-05
   21   12 0.28675D-06 0.11182D-05
   21   13 -.73596D-07 -.35167D-06
   21   14 -.39854D-06 0.49895D-06
   21   15 -.29119D-06 0.39230D-06
   21   16 0.12219D-06 0.31819D-06
   21   17 0.38085D-06 -.26285D-06
   21   18 0.76568D-06 -.54505D-07
   21   19 0.41386D-06 -.12130D-05
   21   20 0.13268D-05 -.13328D-05
   21   21 0.77937D-06 -.25336D-05
   22  -22 0.20401D-06 -.30166D-05
   22  -21 0.11249D-05 0.14594D-05
   22  -20 -.29041D-06 -.15424D-05
   22  -19 0.49747D-06 0.16433D-06
   22  -18 -.38746D-06 -.73140D-06
   22  -17 -.15590D-06 0.33309D-06
   22  -16 0.26031D-06 0.10136D-06
   22  -15 -.31691D-06 0.28226D-07
   22  -14 -.20044D-06 -.30595D-06
   22  -13 0.22910D-06 -.21351D-06
   22  -12 0.16776D-07 0.49316D-06
   22  -11 -.37261D-06 -.44061D-06
   22  -10 -.28982D-06 -.27637D-06
   22   -9 0.77563D-07 0.80301D-06
   22   -8 0.25216D-06 0.10529D-05
   22   -7 0.11563D-05 0.18269D-07
   22   -6 -.34877D-06 -.21154D-05
   22   -5 -.21549D-06 -.45199D-08
   22   -4 -.66463D-06 0.31281D-07
   22   -3 0.11133D-05 0.43579D-06
   22   -2 0.86868D-06 -.44291D-06
   22   -1 -.68238D-06 -.32462D-06
   22    0 0.42687D-06 0.00000D+00
   22    1 0.68238D-06 -.32462D-06
   22    2 0.86868D-06 0.44291D-06
   22    3 -.11133D-05 0.43579D-06
   22    4 -.66463D-06 -.31281D-07
   22    5 0.21549D-06 -.45199D-08
   22    6 -.34877D-06 0.21154D-05
   22    7 -.11563D-05 0.18269D-07
   22    8 0.25216D-06 -.10529D-05
   22    9 -.77563D-07 0.80301D-06
   22   10 -.28982D-06 0.27637D-06
   22   11 0.37261D-06 -.44061D-06
   22   12 0.16776D-07 -.49316D-06
   22   13 -.22910D-06 -.21351D-06
   22   14 -.20044D-06 0.30595D-06
   22   15 0.31691D-06 0.28226D-07
   22   16 0.26031D-06 -.10136D-06
   22   17 0.15590D-06 0.33309D-06
   22   18 -.38746D-06 0.73140D-06
   22   19 -.49747D-06 0.16433D-06
   22   20 -.29041D-06 0.15424D-05
   22   21 -.11249D-05 0.14594D-05
   22   22 0.20401D-06 0.30166D-05
   23  -23 0.11026D-05 -.24274D-05
   23  -22 0.40069D-06 0.12245D-05
   23  -21 0.11305D-06 -.15867D-05
   23  -20 -.83151D-07 0.25047D-06
   23  -19 -.71842D-07 -.57530D-06
   23  -18 -.21085D-06 0.48588D-06
   23  -17 -.18344D-08 -.18109D-06
   23  -16 -.17809D-06 0.48862D-06
   23  -15 0.20573D-06 -.39947D-06
   23  -14 0.10888D-06 -.30318D-07
   23  -13 0.54294D-06 0.75024D-06
   23  -12 -.18077D-06 -.58959D-06
   23  -11 0.21221D-06 -.57971D-06
   23  -10 0.83867D-06 -.14980D-05
   23   -9 -.88534D-06 0.61307D-06
   23   -8 -.71265D-06 0.14113D-06
   23   -7 -.86652D-06 0.25628D-06
   23   -6 0.54828D-06 -.15798D-06
   23   -5 -.36548D-06 -.27642D-06
   23   -4 -.59562D-06 0.79140D-06
   23   -3 -.13898D-05 0.17731D-07
   23   -2 0.40762D-06 0.37953D-07
   23   -1 0.82006D-07 0.46669D-06
   23    0 -.89388D-06 0.00000D+00
   23    1 -.82006D-07 0.46669D-06
   23    2 0.40762D-06 -.37953D-07
   23    3 0.13898D-05 0.17731D-07
   23    4 -.59562D-06 -.79140D-06
   23    5 0.36548D-06 -.27642D-06
   23    6 0.54828D-06 0.15798D-06
   23    7 0.86652D-06 0.25628D-06
   23    8 -.71265D-06 -.14113D-06
   23    9 0.88534D-06 0.61307D-06
   23   10 0.83867D-06 0.14980D-05
   23   11 -.21221D-06 -.57971D-06
   23   12 -.18077D-06 0.58959D-06
   23   13 -.54294D-06 0.75024D-06
   23   14 0.10888D-06 0.30318D-07
   23   15 -.20573D-06 -.39947D-06
   23   16 -.17809D-06 -.48862D-06
   23   17 0.18344D-08 -.18109D-06
   23   18 -.21085D-06 -.48588D-06
   23   19 0.71842D-07 -.57530D-06
   23   20 -.83151D-07 -.25047D-06
   23   21 -.11305D-06 -.15867D-05
   23   22 0.40069D-06 -.12245D-05
   23   23 -.11026D-05 -.24274D-05
   24  -24 0.15642D-05 -.12169D-05
   24  -23 -.44240D-06 0.81850D-06
   24  -22 0.61655D-06 -.14275D-05
   24  -21 -.56650D-06 0.27767D-06
   24  -20 0.30270D-06 0.35747D-07
   24  -19 -.19241D-06 0.25495D-06
   24  -18 -.12818D-06 -.11769D-06
   24  -17 -.88470D-07 0.38083D-06
   24  -16 0.22390D-06 -.31090D-06
   24  -15 0.99091D-07 0.21026D-06
   24  -14 -.93501D-07 0.38929D-06
   24  -13 -.20874D-06 0.14214D-06
   24  -12 0.42461D-06 -.48339D-06
   24  -11 0.16837D-07 0.70585D-07
   24  -10 0.37745D-06 0.65343D-06
   24   -9 -.42930D-06 0.10732D-06
   24   -8 -.31598D-06 -.91726D-06
   24   -7 0.78438D-06 -.30929D-06
   24   -6 -.23813D-08 0.10513D-05
   24   -5 0.10753D-06 0.71425D-06
   24   -4 0.11094D-07 -.47933D-06
   24   -3 0.69259D-07 -.63806D-06
   24   -2 0.42147D-06 0.32322D-06
   24   -1 0.13391D-05 -.36092D-06
   24    0 0.29821D-07 0.00000D+00
   24    1 -.13391D-05 -.36092D-06
   24    2 0.42147D-06 -.32322D-06
   24    3 -.69259D-07 -.63806D-06
   24    4 0.11094D-07 0.47933D-06
   24    5 -.10753D-06 0.71425D-06
   24    6 -.23813D-08 -.10513D-05
   24    7 -.78438D-06 -.30929D-06
   24    8 -.31598D-06 0.91726D-06
   24    9 0.42930D-06 0.10732D-06
   24   10 0.37745D-06 -.65343D-06
   24   11 -.16837D-07 0.70585D-07
   24   12 0.42461D-06 0.48339D-06
   24   13 0.20874D-06 0.14214D-06
   24   14 -.93501D-07 -.38929D-06
   24   15 -.99091D-07 0.21026D-06
   24   16 0.22390D-06 0.31090D-06
   24   17 0.88470D-07 0.38083D-06
   24   18 -.12818D-06 0.11769D-06
   24   19 0.19241D-06 0.25495D-06
   24   20 0.30270D-06 -.35747D-07
   24   21 0.56650D-06 0.27767D-06
   24   22 0.61655D-06 0.14275D-05
   24   23 0.44240D-06 0.81850D-06
   24   24 0.15642D-05 0.12169D-05
   25  -25 0.14634D-05 -.49483D-07
   25  -24 -.10059D-05 0.44739D-06
   25  -23 0.98108D-06 -.11717D-05
   25  -22 -.65780D-06 0.23922D-06
   25  -21 0.45354D-06 0.69579D-06
   25  -20 -.16758D-06 -.91403D-07
   25  -19 -.12984D-06 0.78864D-07
   25  -18 0.10113D-06 -.48824D-07
   25  -17 0.80620D-07 -.15480D-06
   25  -16 0.13493D-06 0.29363D-06
   25  -15 -.22281D-07 -.23194D-07
   25  -14 -.62755D-07 0.39650D-06
   25  -13 0.41364D-06 -.55608D-06
   25  -12 0.39181D-07 0.47056D-06
   25  -11 0.52875D-06 0.41139D-07
   25  -10 0.10219D-07 -.31495D-06
   25   -9 0.33159D-06 -.72314D-06
   25   -8 -.58979D-06 0.40402D-07
   25   -7 0.20127D-06 0.93196D-06
   25   -6 0.26019D-06 -.97201D-07
   25   -5 -.27645D-06 -.78026D-06
   25   -4 -.48382D-06 -.54903D-06
   25   -3 -.74975D-06 0.27772D-06
   25   -2 -.25518D-06 0.35929D-06
   25   -1 -.24485D-06 -.53822D-07
   25    0 0.20637D-06 0.00000D+00
   25    1 0.24485D-06 -.53822D-07
   25    2 -.25518D-06 -.35929D-06
   25    3 0.74975D-06 0.27772D-06
   25    4 -.48382D-06 0.54903D-06
   25    5 0.27645D-06 -.78026D-06
   25    6 0.26019D-06 0.97201D-07
   25    7 -.20127D-06 0.93196D-06
   25    8 -.58979D-06 -.40402D-07
   25    9 -.33159D-06 -.72314D-06
   25   10 0.10219D-07 0.31495D-06
   25   11 -.52875D-06 0.41139D-07
   25   12 0.39181D-07 -.47056D-06
   25   13 -.41364D-06 -.55608D-06
   25   14 -.62755D-07 -.39650D-06
   25   15 0.22281D-07 -.23194D-07
   25   16 0.13493D-06 -.29363D-06
   25   17 -.80620D-07 -.15480D-06
   25   18 0.10113D-06 0.48824D-07
   25   19 0.12984D-06 0.78864D-07
   25   20 -.16758D-06 0.91403D-07
   25   21 -.45354D-06 0.69579D-06
   25   22 -.65780D-06 -.23922D-06
   25   23 -.98108D-06 -.11717D-05
   25   24 -.10059D-05 -.44739D-06
   25   25 -.14634D-05 -.49483D-07
   26  -26 0.93249D-06 0.55496D-06
   26  -25 -.10789D-05 0.25640D-06
   26  -24 0.10572D-05 -.94541D-06
   26  -23 -.33366D-06 0.17254D-06
   26  -22 0.31510D-06 0.10754D-05
   26  -21 -.12147D-06 -.35066D-06
   26  -20 -.67986D-07 0.24390D-06
   26  -19 0.22705D-06 -.41823D-06
   26  -18 0.78788D-07 0.28557D-06
   26  -17 -.50913D-07 0.39994D-07
   26  -16 -.17528D-06 -.19671D-06
   26  -15 0.21444D-07 0.24493D-06
   26  -14 -.98446D-07 -.48678D-06
   26  -13 -.11462D-06 0.18903D-06
   26  -12 0.18806D-06 0.54636D-06
   26  -11 -.39753D-06 0.36928D-06
   26  -10 0.31383D-06 -.64038D-06
   26   -9 0.39871D-06 -.92549D-06
   26   -8 -.51629D-07 0.45667D-06
   26   -7 -.10897D-05 0.16540D-06
   26   -6 -.55388D-07 0.75989D-06
   26   -5 0.25285D-06 -.59178D-06
   26   -4 0.48564D-06 0.51656D-06
   26   -3 -.70380D-06 0.25429D-06
   26   -2 -.10221D-05 -.23689D-06
   26   -1 0.24685D-06 0.17107D-06
   26    0 0.28696D-06 0.00000D+00
   26    1 -.24685D-06 0.17107D-06
   26    2 -.10221D-05 0.23689D-06
   26    3 0.70380D-06 0.25429D-06
   26    4 0.48564D-06 -.51656D-06
   26    5 -.25285D-06 -.59178D-06
   26    6 -.55388D-07 -.75989D-06
   26    7 0.10897D-05 0.16540D-06
   26    8 -.51629D-07 -.45667D-06
   26    9 -.39871D-06 -.92549D-06
   26   10 0.31383D-06 0.64038D-06
   26   11 0.39753D-06 0.36928D-06
   26   12 0.18806D-06 -.54636D-06
   26   13 0.11462D-06 0.18903D-06
   26   14 -.98446D-07 0.48678D-06
   26   15 -.21444D-07 0.24493D-06
   26   16 -.17528D-06 0.19671D-06
   26   17 0.50913D-07 0.39994D-07
   26   18 0.78788D-07 -.28557D-06
   26   19 -.22705D-06 -.41823D-06
   26   20 -.67986D-07 -.24390D-06
   26   21 0.12147D-06 -.35066D-06
   26   22 0.31510D-06 -.10754D-05
   26   23 0.33366D-06 0.17254D-06
   26   24 0.10572D-05 0.94541D-06
   26   25 0.10789D-05 0.25640D-06
   26   26 0.93249D-06 -.55496D-06
   27  -27 0.27461D-06 0.45689D-06
   27  -26 -.71784D-06 0.27776D-06
   27  -25 0.86609D-06 -.86058D-06
   27  -24 0.18994D-06 0.14672D-06
   27  -23 -.42683D-08 0.10535D-05
   27  -22 -.35627D-07 -.42994D-06
   27  -21 -.10084D-06 0.17798D-06
   27  -20 0.23445D-06 -.47824D-06
   27  -19 0.90930D-07 0.49830D-06
   27  -18 -.11316D-06 -.15567D-06
   27  -17 -.36465D-06 -.41307D-06
   27  -16 0.22237D-06 -.26101D-08
   27  -15 -.36578D-07 -.22431D-06
   27  -14 0.82216D-07 0.25859D-06
   27  -13 -.20176D-06 0.16149D-06
   27  -12 -.18928D-06 0.49807D-06
   27  -11 0.42338D-07 -.61152D-06
   27  -10 0.13398D-06 0.76500D-06
   27   -9 0.83852D-06 0.70805D-06
   27   -8 -.26461D-06 0.15902D-06
   27   -7 0.44041D-06 -.13489D-05
   27   -6 0.88337D-07 -.49987D-06
   27   -5 0.37854D-06 0.11282D-05
   27   -4 0.90714D-07 0.26019D-06
   27   -3 0.78013D-06 -.63698D-06
   27   -2 -.37028D-06 -.51742D-06
   27   -1 0.49174D-06 -.14397D-06
   27    0 0.11281D-05 0.00000D+00
   27    1 -.49174D-06 -.14397D-06
   27    2 -.37028D-06 0.51742D-06
   27    3 -.78013D-06 -.63698D-06
   27    4 0.90714D-07 -.26019D-06
   27    5 -.37854D-06 0.11282D-05
   27    6 0.88337D-07 0.49987D-06
   27    7 -.44041D-06 -.13489D-05
   27    8 -.26461D-06 -.15902D-06
   27    9 -.83852D-06 0.70805D-06
   27   10 0.13398D-06 -.76500D-06
   27   11 -.42338D-07 -.61152D-06
   27   12 -.18928D-06 -.49807D-06
   27   13 0.20176D-06 0.16149D-06
   27   14 0.82216D-07 -.25859D-06
   27   15 0.36578D-07 -.22431D-06
   27   16 0.22237D-06 0.26101D-08
   27   17 0.36465D-06 -.41307D-06
   27   18 -.11316D-06 0.15567D-06
   27   19 -.90930D-07 0.49830D-06
   27   20 0.23445D-06 0.47824D-06
   27   21 0.10084D-06 0.17798D-06
   27   22 -.35627D-07 0.42994D-06
   27   23 0.42683D-08 0.10535D-05
   27   24 0.18994D-06 -.14672D-06
   27   25 -.86609D-06 -.86058D-06
   27   26 -.71784D-06 -.27776D-06
   27   27 -.27461D-06 0.45689D-06
   28  -28 -.19512D-06 -.92287D-07
   28  -27 -.19031D-06 0.42961D-06
   28  -26 0.58081D-06 -.95912D-06
   28  -25 0.61194D-06 0.21699D-06
   28  -24 -.29140D-06 0.73674D-06
   28  -23 0.45947D-07 -.36207D-06
   28  -22 -.15621D-06 -.95375D-07
   28  -21 0.18196D-06 -.27572D-06
   28  -20 0.11293D-06 0.52270D-06
   28  -19 -.17484D-06 -.13574D-06
   28  -18 -.34410D-06 -.28794D-06
   28  -17 0.12315D-06 -.30127D-06
   28  -16 0.78540D-07 0.19530D-06
   28  -15 -.93462D-07 0.50600D-07
   28  -14 -.33125D-06 0.15218D-07
   28  -13 0.38653D-07 -.36249D-06
   28  -12 -.89521D-07 -.12737D-06
   28  -11 0.10473D-06 -.39237D-08
   28  -10 -.41104D-07 0.42825D-06
   28   -9 0.59676D-07 -.17670D-06
   28   -8 -.58518D-07 -.45209D-06
   28   -7 -.35191D-06 -.23818D-06
   28   -6 -.63023D-07 0.16466D-06
   28   -5 -.32237D-06 0.35782D-06
   28   -4 -.30365D-06 -.46331D-06
   28   -3 0.71636D-07 -.28621D-06
   28   -2 0.19573D-07 0.14106D-06
   28   -1 -.11082D-05 0.57996D-06
   28    0 -.51991D-06 0.00000D+00
   28    1 0.11082D-05 0.57996D-06
   28    2 0.19573D-07 -.14106D-06
   28    3 -.71636D-07 -.28621D-06
   28    4 -.30365D-06 0.46331D-06
   28    5 0.32237D-06 0.35782D-06
   28    6 -.63023D-07 -.16466D-06
   28    7 0.35191D-06 -.23818D-06
   28    8 -.58518D-07 0.45209D-06
   28    9 -.59676D-07 -.17670D-06
   28   10 -.41104D-07 -.42825D-06
   28   11 -.10473D-06 -.39237D-08
   28   12 -.89521D-07 0.12737D-06
   28   13 -.38653D-07 -.36249D-06
   28   14 -.33125D-06 -.15218D-07
   28   15 0.93462D-07 0.50600D-07
   28   16 0.78540D-07 -.19530D-06
   28   17 -.12315D-06 -.30127D-06
   28   18 -.34410D-06 0.28794D-06
   28   19 0.17484D-06 -.13574D-06
   28   20 0.11293D-06 -.52270D-06
   28   21 -.18196D-06 -.27572D-06
   28   22 -.15621D-06 0.95375D-07
   28   23 -.45947D-07 -.36207D-06
   28   24 -.29140D-06 -.73674D-06
   28   25 -.61194D-06 0.21699D-06
   28   26 0.58081D-06 0.95912D-06
   28   27 0.19031D-06 0.42961D-06
   28   28 -.19512D-06 0.92287D-07
   29  -29 -.29949D-06 -.64144D-06
   29  -28 0.18333D-06 0.56920D-06
   29  -27 0.41434D-06 -.11756D-05
   29  -26 0.72066D-06 0.38549D-06
   29  -25 -.38270D-06 0.33427D-06
   29  -24 0.61914D-07 -.23603D-06
   29  -23 -.18968D-06 -.43914D-06
   29  -22 0.13921D-06 0.45731D-07
   29  -21 -.49549D-07 0.35654D-06
   29  -20 -.27804D-06 0.67752D-07
   29  -19 -.21990D-06 -.41479D-06
   29  -18 0.12414D-06 -.30613D-06
   29  -17 0.18052D-06 0.32011D-06
   29  -16 -.56129D-07 -.19736D-07
   29  -15 -.34824D-06 -.88264D-07
   29  -14 0.44858D-06 -.46679D-06
   29  -13 -.54764D-07 0.22322D-07
   29  -12 -.16410D-06 0.28849D-07
   29  -11 -.50778D-06 0.55008D-06
   29  -10 0.11567D-06 0.45887D-06
   29   -9 -.25031D-06 -.45448D-06
   29   -8 0.64048D-06 -.18680D-06
   29   -7 -.15511D-06 0.13885D-07
   29   -6 -.39276D-06 0.74405D-06
   29   -5 0.17450D-06 -.63325D-07
   29   -4 0.46612D-06 -.26771D-06
   29   -3 0.85879D-06 0.43606D-06
   29   -2 0.20935D-07 0.22405D-06
   29   -1 -.39536D-06 -.19336D-06
   29    0 0.13336D-06 0.00000D+00
   29    1 0.39536D-06 -.19336D-06
   29    2 0.20935D-07 -.22405D-06
   29    3 -.85879D-06 0.43606D-06
   29    4 0.46612D-06 0.26771D-06
   29    5 -.17450D-06 -.63325D-07
   29    6 -.39276D-06 -.74405D-06
   29    7 0.15511D-06 0.13885D-07
   29    8 0.64048D-06 0.18680D-06
   29    9 0.25031D-06 -.45448D-06
   29   10 0.11567D-06 -.45887D-06
   29   11 0.50778D-06 0.55008D-06
   29   12 -.16410D-06 -.28849D-07
   29   13 0.54764D-07 0.22322D-07
   29   14 0.44858D-06 0.46679D-06
   29   15 0.34824D-06 -.88264D-07
   29   16 -.56129D-07 0.19736D-07
   29   17 -.18052D-06 0.32011D-06
   29   18 0.12414D-06 0.30613D-06
   29   19 0.21990D-06 -.41479D-06
   29   20 -.27804D-06 -.67752D-07
   29   21 0.49549D-07 0.35654D-06
   29   22 0.13921D-06 -.45731D-07
   29   23 0.18968D-06 -.43914D-06
   29   24 0.61914D-07 0.23603D-06
   29   25 0.38270D-06 0.33427D-06
   29   26 0.72066D-06 -.38549D-06
   29   27 -.41434D-06 -.11756D-05
   29   28 0.18333D-06 -.56920D-06
   29   29 0.29949D-06 -.64144D-06
   30  -30 -.68419D-07 -.80891D-06
   30  -29 0.20149D-06 0.57208D-06
   30  -28 0.48944D-06 -.13586D-05
   30  -27 0.49159D-06 0.58783D-06
   30  -26 -.23376D-06 0.27033D-07
   30  -25 -.77822D-08 -.14508D-06
   30  -24 -.12256D-06 -.62446D-06
   30  -23 0.10053D-06 0.29087D-06
   30  -22 -.15987D-06 0.20704D-06
   30  -21 -.32356D-06 0.19333D-06
   30  -20 0.13993D-07 -.50291D-06
   30  -19 0.12460D-06 -.13774D-06
   30  -18 0.20719D-06 0.58325D-06
   30  -17 -.19109D-06 0.46869D-07
   30  -16 -.23803D-06 -.22928D-06
   30  -15 0.25153D-06 -.48562D-06
   30  -14 0.31975D-06 0.23638D-06
   30  -13 -.14936D-06 -.41560D-07
   30  -12 -.40843D-06 0.28160D-07
   30  -11 0.42007D-06 -.49816D-06
   30  -10 -.19796D-06 -.41971D-06
   30   -9 -.10364D-06 0.84141D-06
   30   -8 -.12616D-06 0.51115D-06
   30   -7 0.57880D-06 0.31092D-06
   30   -6 0.47455D-07 -.14804D-05
   30   -5 0.56745D-07 -.15166D-06
   30   -4 -.51407D-06 0.39534D-06
   30   -3 0.19551D-06 0.22087D-06
   30   -2 0.40603D-06 -.20297D-06
   30   -1 0.16296D-06 -.31758D-06
   30    0 0.73306D-06 0.00000D+00
   30    1 -.16296D-06 -.31758D-06
   30    2 0.40603D-06 0.20297D-06
   30    3 -.19551D-06 0.22087D-06
   30    4 -.51407D-06 -.39534D-06
   30    5 -.56745D-07 -.15166D-06
   30    6 0.47455D-07 0.14804D-05
   30    7 -.57880D-06 0.31092D-06
   30    8 -.12616D-06 -.51115D-06
   30    9 0.10364D-06 0.84141D-06
   30   10 -.19796D-06 0.41971D-06
   30   11 -.42007D-06 -.49816D-06
   30   12 -.40843D-06 -.28160D-07
   30   13 0.14936D-06 -.41560D-07
   30   14 0.31975D-06 -.23638D-06
   30   15 -.25153D-06 -.48562D-06
   30   16 -.23803D-06 0.22928D-06
   30   17 0.19109D-06 0.46869D-07
   30   18 0.20719D-06 -.58325D-06
   30   19 -.12460D-06 -.13774D-06
   30   20 0.13993D-07 0.50291D-06
   30   21 0.32356D-06 0.19333D-06
   30   22 -.15987D-06 -.20704D-06
   30   23 -.10053D-06 0.29087D-06
   30   24 -.12256D-06 0.62446D-06
   30   25 0.77822D-08 -.14508D-06
   30   26 -.23376D-06 -.27033D-07
   30   27 -.49159D-06 0.58783D-06
   30   28 0.48944D-06 0.13586D-05
   30   29 -.20149D-06 0.57208D-06
   30   30 -.68419D-07 0.80891D-06
   31  -31 0.29950D-06 -.48029D-06
   31  -30 -.12139D-06 0.39585D-06
   31  -29 0.76479D-06 -.13494D-05
   31  -28 0.76792D-07 0.72844D-06
   31  -27 0.65144D-07 -.10060D-06
   31  -26 -.11913D-06 -.12829D-06
   31  -25 0.67873D-08 -.51487D-06
   31  -24 0.43572D-07 0.35596D-06
   31  -23 -.23746D-06 0.10793D-06
   31  -22 -.25679D-06 0.18019D-06
   31  -21 -.48178D-08 -.54404D-06
   31  -20 0.24372D-07 0.75471D-07
   31  -19 0.23722D-06 0.41371D-06
   31  -18 -.21458D-06 0.33458D-06
   31  -17 -.11173D-06 -.58504D-06
   31  -16 0.22312D-06 -.38008D-06
   31  -15 0.44551D-06 0.47667D-06
   31  -14 -.12254D-06 0.15244D-07
   31  -13 -.19913D-06 -.13780D-06
   31  -12 0.26238D-06 -.60460D-06
   31  -11 -.16308D-06 0.50630D-08
   31  -10 0.37747D-07 -.20525D-06
   31   -9 -.70386D-06 0.24847D-06
   31   -8 0.15161D-06 -.10052D-07
   31   -7 -.30129D-06 0.37932D-06
   31   -6 0.80687D-07 -.20177D-06
   31   -5 -.49104D-06 -.84775D-07
   31   -4 -.39984D-06 0.42965D-06
   31   -3 -.88053D-06 -.67851D-07
   31   -2 0.73839D-06 -.74187D-07
   31   -1 0.30866D-06 0.30892D-06
   31    0 -.14056D-05 0.00000D+00
   31    1 -.30866D-06 0.30892D-06
   31    2 0.73839D-06 0.74187D-07
   31    3 0.88053D-06 -.67851D-07
   31    4 -.39984D-06 -.42965D-06
   31    5 0.49104D-06 -.84775D-07
   31    6 0.80687D-07 0.20177D-06
   31    7 0.30129D-06 0.37932D-06
   31    8 0.15161D-06 0.10052D-07
   31    9 0.70386D-06 0.24847D-06
   31   10 0.37747D-07 0.20525D-06
   31   11 0.16308D-06 0.50630D-08
   31   12 0.26238D-06 0.60460D-06
   31   13 0.19913D-06 -.13780D-06
   31   14 -.12254D-06 -.15244D-07
   31   15 -.44551D-06 0.47667D-06
   31   16 0.22312D-06 0.38008D-06
   31   17 0.11173D-06 -.58504D-06
   31   18 -.21458D-06 -.33458D-06
   31   19 -.23722D-06 0.41371D-06
   31   20 0.24372D-07 -.75471D-07
   31   21 0.48178D-08 -.54404D-06
   31   22 -.25679D-06 -.18019D-06
   31   23 0.23746D-06 0.10793D-06
   31   24 0.43572D-07 -.35596D-06
   31   25 -.67873D-08 -.51487D-06
   31   26 -.11913D-06 0.12829D-06
   31   27 -.65144D-07 -.10060D-06
   31   28 0.76792D-07 -.72844D-06
   31   29 -.76479D-06 -.13494D-05
   31   30 -.12139D-06 -.39585D-06
   31   31 -.29950D-06 -.48029D-06
   32  -32 0.55586D-06 0.16079D-06
   32  -31 -.57955D-06 0.96993D-07
   32  -30 0.10620D-05 -.10730D-05
   32  -29 -.30223D-06 0.73749D-06
   32  -28 0.35844D-06 -.69351D-07
   32  -27 -.19657D-06 -.18563D-06
   32  -26 0.13650D-06 -.15790D-06
   32  -25 -.86254D-08 0.22507D-06
   32  -24 -.19086D-06 0.11297D-06
   32  -23 -.13145D-06 0.33160D-07
   32  -22 0.68193D-07 -.34249D-06
   32  -21 -.53965D-07 0.81212D-07
   32  -20 0.29163D-06 0.26551D-06
   32  -19 -.15774D-06 0.48262D-06
   32  -18 -.22040D-06 -.63046D-06
   32  -17 0.15172D-06 -.26095D-06
   32  -16 0.50720D-06 0.58177D-06
   32  -15 -.33093D-06 0.26748D-06
   32  -14 -.18333D-06 -.49178D-06
   32  -13 0.38864D-06 -.11110D-06
   32  -12 0.14887D-06 0.28387D-07
   32  -11 -.33539D-06 0.21018D-06
   32  -10 0.97254D-07 0.15692D-06
   32   -9 0.10488D-06 0.18612D-06
   32   -8 -.23833D-08 -.14458D-06
   32   -7 0.33099D-06 -.18072D-06
   32   -6 -.24555D-06 0.41240D-06
   32   -5 0.33452D-07 0.47249D-06
   32   -4 0.14268D-06 -.16579D-06
   32   -3 0.30609D-06 -.56437D-06
   32   -2 0.60818D-06 0.31779D-06
   32   -1 0.33281D-06 -.70540D-07
   32    0 -.17184D-06 0.00000D+00
   32    1 -.33281D-06 -.70540D-07
   32    2 0.60818D-06 -.31779D-06
   32    3 -.30609D-06 -.56437D-06
   32    4 0.14268D-06 0.16579D-06
   32    5 -.33452D-07 0.47249D-06
   32    6 -.24555D-06 -.41240D-06
   32    7 -.33099D-06 -.18072D-06
   32    8 -.23833D-08 0.14458D-06
   32    9 -.10488D-06 0.18612D-06
   32   10 0.97254D-07 -.15692D-06
   32   11 0.33539D-06 0.21018D-06
   32   12 0.14887D-06 -.28387D-07
   32   13 -.38864D-06 -.11110D-06
   32   14 -.18333D-06 0.49178D-06
   32   15 0.33093D-06 0.26748D-06
   32   16 0.50720D-06 -.58177D-06
   32   17 -.15172D-06 -.26095D-06
   32   18 -.22040D-06 0.63046D-06
   32   19 0.15774D-06 0.48262D-06
   32   20 0.29163D-06 -.26551D-06
   32   21 0.53965D-07 0.81212D-07
   32   22 0.68193D-07 0.34249D-06
   32   23 0.13145D-06 0.33160D-07
   32   24 -.19086D-06 -.11297D-06
   32   25 0.86254D-08 0.22507D-06
   32   26 0.13650D-06 0.15790D-06
   32   27 0.19657D-06 -.18563D-06
   32   28 0.35844D-06 0.69351D-07
   32   29 0.30223D-06 0.73749D-06
   32   30 0.10620D-05 0.10730D-05
   32   31 0.57955D-06 0.96993D-07
   32   32 0.55586D-06 -.16079D-06
   33  -33 0.53494D-06 0.76623D-06
   33  -32 -.90162D-06 -.20545D-06
   33  -31 0.11725D-05 -.58665D-06
   33  -30 -.47725D-06 0.61226D-06
   33  -29 0.51036D-06 0.29639D-07
   33  -28 -.16009D-06 -.28167D-06
   33  -27 0.17981D-06 0.28167D-06
   33  -26 -.20624D-07 0.23662D-07
   33  -25 -.14702D-06 0.18509D-06
   33  -24 -.57403D-07 -.11814D-06
   33  -23 0.21606D-07 -.11434D-06
   33  -22 -.82187D-07 -.14257D-07
   33  -21 0.20279D-07 0.10559D-06
   33  -20 -.16336D-06 0.43840D-06
   33  -19 -.14489D-06 -.74336D-06
   33  -18 0.72067D-07 -.86923D-07
   33  -17 0.47134D-06 0.46788D-06
   33  -16 -.27553D-06 0.47203D-06
   33  -15 -.25245D-06 -.63165D-06
   33  -14 0.26652D-06 -.18117D-06
   33  -13 0.46893D-06 0.34396D-06
   33  -12 -.50788D-06 0.29177D-06
   33  -11 0.27224D-06 -.17295D-06
   33  -10 0.47871D-06 -.89379D-06
   33   -9 0.12546D-06 0.84657D-07
   33   -8 -.82701D-06 0.39516D-07
   33   -7 -.25659D-06 0.53791D-06
   33   -6 0.32449D-06 -.10926D-06
   33   -5 0.14035D-06 -.46193D-06
   33   -4 -.12836D-06 -.43575D-06
   33   -3 -.53912D-06 0.43193D-07
   33   -2 -.62912D-06 0.24122D-06
   33   -1 -.39769D-06 -.43380D-07
   33    0 0.82676D-06 0.00000D+00
   33    1 0.39769D-06 -.43380D-07
   33    2 -.62912D-06 -.24122D-06
   33    3 0.53912D-06 0.43193D-07
   33    4 -.12836D-06 0.43575D-06
   33    5 -.14035D-06 -.46193D-06
   33    6 0.32449D-06 0.10926D-06
   33    7 0.25659D-06 0.53791D-06
   33    8 -.82701D-06 -.39516D-07
   33    9 -.12546D-06 0.84657D-07
   33   10 0.47871D-06 0.89379D-06
   33   11 -.27224D-06 -.17295D-06
   33   12 -.50788D-06 -.29177D-06
   33   13 -.46893D-06 0.34396D-06
   33   14 0.26652D-06 0.18117D-06
   33   15 0.25245D-06 -.63165D-06
   33   16 -.27553D-06 -.47203D-06
   33   17 -.47134D-06 0.46788D-06
   33   18 0.72067D-07 0.86923D-07
   33   19 0.14489D-06 -.74336D-06
   33   20 -.16336D-06 -.43840D-06
   33   21 -.20279D-07 0.10559D-06
   33   22 -.82187D-07 0.14257D-07
   33   23 -.21606D-07 -.11434D-06
   33   24 -.57403D-07 0.11814D-06
   33   25 0.14702D-06 0.18509D-06
   33   26 -.20624D-07 -.23662D-07
   33   27 -.17981D-06 0.28167D-06
   33   28 -.16009D-06 0.28167D-06
   33   29 -.51036D-06 0.29639D-07
   33   30 -.47725D-06 -.61226D-06
   33   31 -.11725D-05 -.58665D-06
   33   32 -.90162D-06 0.20545D-06
   33   33 -.53494D-06 0.76623D-06
   34  -34 0.23265D-06 0.10310D-05
   34  -33 -.90369D-06 -.39580D-06
   34  -32 0.98196D-06 -.52461D-07
   34  -31 -.41342D-06 0.41758D-06
   34  -30 0.47822D-06 0.89059D-07
   34  -29 0.25840D-08 -.36014D-06
   34  -28 0.11377D-06 0.63127D-06
   34  -27 -.20546D-07 -.13605D-06
   34  -26 -.11225D-06 0.17324D-06
   34  -25 -.40303D-08 -.23318D-06
   34  -24 0.38346D-07 0.88468D-07
   34  -23 -.53714D-07 -.13188D-06
   34  -22 -.72542D-08 0.16622D-06
   34  -21 -.10907D-06 0.15200D-06
   34  -20 0.10255D-07 -.56567D-06
   34  -19 0.26950D-07 -.81412D-07
   34  -18 0.11026D-06 0.45202D-06
   34  -17 -.62936D-07 0.44028D-06
   34  -16 -.28707D-06 -.63355D-06
   34  -15 0.11763D-06 -.20811D-06
   34  -14 0.29238D-06 0.41197D-06
   34  -13 -.38251D-06 0.51781D-06
   34  -12 0.10423D-06 -.12122D-06
   34  -11 0.20219D-06 -.22863D-06
   34  -10 0.25563D-06 0.23349D-06
   34   -9 -.39679D-06 -.43485D-06
   34   -8 -.26232D-06 -.16124D-06
   34   -7 -.25099D-06 0.32476D-07
   34   -6 0.44308D-06 0.90675D-06
   34   -5 0.18686D-07 -.31323D-06
   34   -4 0.12713D-06 0.28813D-07
   34   -3 -.61999D-06 0.19975D-06
   34   -2 -.78888D-06 -.11439D-06
   34   -1 0.72109D-06 0.17153D-06
   34    0 0.31135D-06 0.00000D+00
   34    1 -.72109D-06 0.17153D-06
   34    2 -.78888D-06 0.11439D-06
   34    3 0.61999D-06 0.19975D-06
   34    4 0.12713D-06 -.28813D-07
   34    5 -.18686D-07 -.31323D-06
   34    6 0.44308D-06 -.90675D-06
   34    7 0.25099D-06 0.32476D-07
   34    8 -.26232D-06 0.16124D-06
   34    9 0.39679D-06 -.43485D-06
   34   10 0.25563D-06 -.23349D-06
   34   11 -.20219D-06 -.22863D-06
   34   12 0.10423D-06 0.12122D-06
   34   13 0.38251D-06 0.51781D-06
   34   14 0.29238D-06 -.41197D-06
   34   15 -.11763D-06 -.20811D-06
   34   16 -.28707D-06 0.63355D-06
   34   17 0.62936D-07 0.44028D-06
   34   18 0.11026D-06 -.45202D-06
   34   19 -.26950D-07 -.81412D-07
   34   20 0.10255D-07 0.56567D-06
   34   21 0.10907D-06 0.15200D-06
   34   22 -.72542D-08 -.16622D-06
   34   23 0.53714D-07 -.13188D-06
   34   24 0.38346D-07 -.88468D-07
   34   25 0.40303D-08 -.23318D-06
   34   26 -.11225D-06 -.17324D-06
   34   27 0.20546D-07 -.13605D-06
   34   28 0.11377D-06 -.63127D-06
   34   29 -.25840D-08 -.36014D-06
   34   30 0.47822D-06 -.89059D-07
   34   31 0.41342D-06 0.41758D-06
   34   32 0.98196D-06 0.52461D-07
   34   33 0.90369D-06 -.39580D-06
   34   34 0.23265D-06 -.10310D-05
   35  -35 -.20377D-06 0.85566D-06
   35  -34 -.58435D-06 -.42009D-06
   35  -33 0.53598D-06 0.34979D-06
   35  -32 -.20610D-06 0.24462D-06
   35  -31 0.31812D-06 0.35670D-07
   35  -30 0.23200D-06 -.36894D-06
   35  -29 -.31627D-07 0.79046D-06
   35  -28 -.45794D-08 -.19806D-06
   35  -27 -.14214D-06 -.17554D-07
   35  -26 0.94075D-07 -.19047D-06
   35  -25 -.95627D-07 0.27207D-06
   35  -24 -.14927D-06 -.11275D-06
   35  -23 -.14861D-06 0.11310D-06
   35  -22 -.68868D-07 -.98244D-07
   35  -21 -.79757D-07 -.35962D-06
   35  -20 -.71068D-07 -.12906D-06
   35  -19 -.66767D-08 0.30528D-06
   35  -18 0.77157D-07 0.26365D-06
   35  -17 -.26563D-06 -.56029D-06
   35  -16 0.28128D-07 -.18891D-06
   35  -15 0.18663D-06 0.50525D-06
   35  -14 -.25177D-06 0.39974D-06
   35  -13 -.75480D-07 -.33883D-06
   35  -12 0.26077D-06 -.64650D-07
   35  -11 0.22331D-06 0.46717D-07
   35  -10 -.50359D-06 0.43649D-06
   35   -9 0.41876D-06 -.11658D-06
   35   -8 0.24295D-06 0.32475D-07
   35   -7 0.64422D-06 -.46754D-06
   35   -6 -.15276D-06 -.15933D-06
   35   -5 -.89723D-07 0.25507D-06
   35   -4 0.97930D-08 0.17793D-06
   35   -3 0.65209D-06 -.26023D-06
   35   -2 0.76866D-07 -.22058D-06
   35   -1 0.47962D-06 -.68362D-07
   35    0 0.45453D-06 0.00000D+00
   35    1 -.47962D-06 -.68362D-07
   35    2 0.76866D-07 0.22058D-06
   35    3 -.65209D-06 -.26023D-06
   35    4 0.97930D-08 -.17793D-06
   35    5 0.89723D-07 0.25507D-06
   35    6 -.15276D-06 0.15933D-06
   35    7 -.64422D-06 -.46754D-06
   35    8 0.24295D-06 -.32475D-07
   35    9 -.41876D-06 -.11658D-06
   35   10 -.50359D-06 -.43649D-06
   35   11 -.22331D-06 0.46717D-07
   35   12 0.26077D-06 0.64650D-07
   35   13 0.75480D-07 -.33883D-06
   35   14 -.25177D-06 -.39974D-06
   35   15 -.18663D-06 0.50525D-06
   35   16 0.28128D-07 0.18891D-06
   35   17 0.26563D-06 -.56029D-06
   35   18 0.77157D-07 -.26365D-06
   35   19 0.66767D-08 0.30528D-06
   35   20 -.71068D-07 0.12906D-06
   35   21 0.79757D-07 -.35962D-06
   35   22 -.68868D-07 0.98244D-07
   35   23 0.14861D-06 0.11310D-06
   35   24 -.14927D-06 0.11275D-06
   35   25 0.95627D-07 0.27207D-06
   35   26 0.94075D-07 0.19047D-06
   35   27 0.14214D-06 -.17554D-07
   35   28 -.45794D-08 0.19806D-06
   35   29 0.31627D-07 0.79046D-06
   35   30 0.23200D-06 0.36894D-06
   35   31 -.31812D-06 0.35670D-07
   35   32 -.20610D-06 -.24462D-06
   35   33 -.53598D-06 0.34979D-06
   35   34 -.58435D-06 0.42009D-06
   35   35 0.20377D-06 0.85566D-06
   36  -36 -.56310D-06 0.38012D-06
   36  -35 -.11369D-06 -.30702D-06
   36  -34 0.12827D-07 0.51865D-06
   36  -33 -.12616D-07 0.15649D-06
   36  -32 0.14963D-06 -.13652D-06
   36  -31 0.41949D-06 -.28239D-06
   36  -30 -.16349D-06 0.76385D-06
   36  -29 -.37626D-08 -.17086D-06
   36  -28 -.18022D-06 -.32690D-06
   36  -27 0.13868D-06 -.18803D-07
   36  -26 -.18485D-06 0.34258D-06
   36  -25 -.25574D-06 -.85593D-07
   36  -24 -.37770D-07 -.60897D-07
   36  -23 0.90327D-07 -.24749D-06
   36  -22 0.10904D-06 0.20051D-07
   36  -21 -.91821D-07 -.15084D-06
   36  -20 -.72784D-07 0.27205D-06
   36  -19 0.15267D-06 -.13864D-07
   36  -18 -.21891D-06 -.30490D-06
   36  -17 0.12743D-07 -.24951D-06
   36  -16 0.13582D-06 0.52419D-06
   36  -15 -.61767D-07 0.14772D-06
   36  -14 -.30915D-06 -.41335D-06
   36  -13 0.24462D-06 -.36772D-06
   36  -12 0.13985D-08 0.33345D-06
   36  -11 -.43048D-06 0.29057D-06
   36  -10 -.27319D-07 -.20153D-06
   36   -9 0.59979D-06 -.44779D-06
   36   -8 0.11729D-06 0.14100D-06
   36   -7 -.82996D-06 0.86439D-07
   36   -6 -.34906D-06 -.29267D-06
   36   -5 0.49655D-07 0.30818D-07
   36   -4 0.78178D-07 -.19352D-08
   36   -3 0.25346D-06 -.91246D-08
   36   -2 -.92260D-07 -.61712D-07
   36   -1 -.11231D-05 0.21887D-06
   36    0 -.56116D-06 0.00000D+00
   36    1 0.11231D-05 0.21887D-06
   36    2 -.92260D-07 0.61712D-07
   36    3 -.25346D-06 -.91246D-08
   36    4 0.78178D-07 0.19352D-08
   36    5 -.49655D-07 0.30818D-07
   36    6 -.34906D-06 0.29267D-06
   36    7 0.82996D-06 0.86439D-07
   36    8 0.11729D-06 -.14100D-06
   36    9 -.59979D-06 -.44779D-06
   36   10 -.27319D-07 0.20153D-06
   36   11 0.43048D-06 0.29057D-06
   36   12 0.13985D-08 -.33345D-06
   36   13 -.24462D-06 -.36772D-06
   36   14 -.30915D-06 0.41335D-06
   36   15 0.61767D-07 0.14772D-06
   36   16 0.13582D-06 -.52419D-06
   36   17 -.12743D-07 -.24951D-06
   36   18 -.21891D-06 0.30490D-06
   36   19 -.15267D-06 -.13864D-07
   36   20 -.72784D-07 -.27205D-06
   36   21 0.91821D-07 -.15084D-06
   36   22 0.10904D-06 -.20051D-07
   36   23 -.90327D-07 -.24749D-06
   36   24 -.37770D-07 0.60897D-07
   36   25 0.25574D-06 -.85593D-07
   36   26 -.18485D-06 -.34258D-06
   36   27 -.13868D-06 -.18803D-07
   36   28 -.18022D-06 0.32690D-06
   36   29 0.37626D-08 -.17086D-06
   36   30 -.16349D-06 -.76385D-06
   36   31 -.41949D-06 -.28239D-06
   36   32 0.14963D-06 0.13652D-06
   36   33 0.12616D-07 0.15649D-06
   36   34 0.12827D-07 -.51865D-06
   36   35 0.11369D-06 -.30702D-06
   36   36 -.56310D-06 -.38012D-06
