    0   36
    0    0 0.11932D-05 0.00000D+00
    1   -1 0.89931D-05 0.21232D-05
    1    0 0.69493D-05 0.00000D+00
    1    1 -.89931D-05 0.21232D-05
    2   -2 0.68462D-04 -.10679D-03
    2   -1 -.22572D-03 0.22429D-03
    2    0 -.57962D-03 0.00000D+00
    2    1 0.22572D-03 0.22429D-03
    2    2 0.68462D-04 0.10679D-03
    3   -3 0.16360D-03 -.12555D-03
    3   -2 -.13918D-03 -.43527D-04
    3   -1 -.27932D-04 -.23969D-03
    3    0 -.39247D-03 0.00000D+00
    3    1 0.27932D-04 -.23969D-03
    3    2 -.13918D-03 0.43527D-04
    3    3 -.16360D-03 -.12555D-03
    4   -4 -.10968D-03 0.13352D-04
    4   -3 -.26871D-03 -.32015D-03
    4   -2 -.10853D-03 0.68007D-04
    4   -1 -.13883D-03 0.56329D-04
    4    0 0.53918D-04 0.00000D+00
    4    1 0.13883D-03 0.56329D-04
    4    2 -.10853D-03 -.68007D-04
    4    3 0.26871D-03 -.32015D-03
    4    4 -.10968D-03 -.13352D-04
    5   -5 0.47390D-04 0.13107D-03
    5   -4 0.12485D-03 0.33213D-03
    5   -3 0.12137D-03 0.14964D-03
    5   -2 -.82042D-04 0.35733D-03
    5   -1 -.32059D-03 -.10961D-03
    5    0 -.50091D-03 0.00000D+00
    5    1 0.32059D-03 -.10961D-03
    5    2 -.82042D-04 -.35733D-03
    5    3 -.12137D-03 0.14964D-03
    5    4 0.12485D-03 -.33213D-03
    5    5 -.47390D-04 0.13107D-03
    6   -6 0.23510D-04 0.22430D-03
    6   -5 0.32516D-03 0.21701D-03
    6   -4 0.88889D-04 -.97452D-04
    6   -3 0.15678D-03 0.32957D-03
    6   -2 -.25755D-03 0.35997D-03
    6   -1 0.14503D-03 -.13360D-03
    6    0 -.17731D-03 0.00000D+00
    6    1 -.14503D-03 -.13360D-03
    6    2 -.25755D-03 -.35997D-03
    6    3 -.15678D-03 0.32957D-03
    6    4 0.88889D-04 0.97452D-04
    6    5 -.32516D-03 0.21701D-03
    6    6 0.23510D-04 -.22430D-03
    7   -7 -.20708D-03 -.11908D-03
    7   -6 0.16356D-03 0.81447D-04
    7   -5 -.74539D-04 0.27648D-03
    7   -4 -.10305D-03 -.32748D-03
    7   -3 -.36146D-04 0.91520D-04
    7   -2 0.21635D-03 -.16541D-03
    7   -1 0.89465D-04 0.10138D-03
    7    0 0.23127D-03 0.00000D+00
    7    1 -.89465D-04 0.10138D-03
    7    2 0.21635D-03 0.16541D-03
    7    3 0.36146D-04 0.91520D-04
    7    4 -.10305D-03 0.32748D-03
    7    5 0.74539D-04 0.27648D-03
    7    6 0.16356D-03 -.81447D-04
    7    7 0.20708D-03 -.11908D-03
    8   -8 0.27806D-03 -.24583D-04
    8   -7 -.14454D-03 -.44184D-03
    8   -6 -.12828D-03 0.14586D-03
    8   -5 -.29640D-03 0.15837D-03
    8   -4 0.15841D-03 -.66987D-04
    8   -3 -.17291D-03 -.28091D-03
    8   -2 0.30848D-03 -.39023D-03
    8   -1 0.97475D-05 0.39415D-04
    8    0 0.15077D-03 0.00000D+00
    8    1 -.97475D-05 0.39415D-04
    8    2 0.30848D-03 0.39023D-03
    8    3 0.17291D-03 -.28091D-03
    8    4 0.15841D-03 0.66987D-04
    8    5 0.29640D-03 0.15837D-03
    8    6 -.12828D-03 -.14586D-03
    8    7 0.14454D-03 -.44184D-03
    8    8 0.27806D-03 0.24583D-04
    9   -9 0.35690D-03 0.16062D-03
    9   -8 0.12375D-03 -.23379D-04
    9   -7 0.10883D-04 -.31816D-03
    9   -6 0.44470D-04 -.24642D-03
    9   -5 -.21276D-03 0.13456D-04
    9   -4 0.69632D-04 0.39101D-05
    9   -3 0.10287D-03 -.84764D-04
    9   -2 -.10567D-03 -.10399D-03
    9   -1 0.44431D-04 0.21615D-03
    9    0 0.26509D-03 0.00000D+00
    9    1 -.44431D-04 0.21615D-03
    9    2 -.10567D-03 0.10399D-03
    9    3 -.10287D-03 -.84764D-04
    9    4 0.69632D-04 -.39101D-05
    9    5 0.21276D-03 0.13456D-04
    9    6 0.44470D-04 0.24642D-03
    9    7 -.10883D-04 -.31816D-03
    9    8 0.12375D-03 0.23379D-04
    9    9 -.35690D-03 0.16062D-03
   10  -10 0.26176D-03 -.75698D-04
   10   -9 0.22512D-03 0.11471D-03
   10   -8 -.41183D-04 0.10830D-04
   10   -7 -.85081D-04 0.21992D-04
   10   -6 0.23963D-03 -.19294D-03
   10   -5 0.64400D-04 0.16487D-04
   10   -4 0.76323D-04 -.11977D-03
   10   -3 0.81294D-04 -.24173D-04
   10   -2 -.19120D-03 0.30746D-03
   10   -1 0.22790D-03 -.20011D-03
   10    0 -.11744D-03 0.00000D+00
   10    1 -.22790D-03 -.20011D-03
   10    2 -.19120D-03 -.30746D-03
   10    3 -.81294D-04 -.24173D-04
   10    4 0.76323D-04 0.11977D-03
   10    5 -.64400D-04 0.16487D-04
   10    6 0.23963D-03 0.19294D-03
   10    7 0.85081D-04 0.21992D-04
   10    8 -.41183D-04 -.10830D-04
   10    9 -.22512D-03 0.11471D-03
   10   10 0.26176D-03 0.75698D-04
   11  -11 0.55517D-04 0.47486D-04
   11  -10 0.19097D-03 0.13514D-03
   11   -9 0.18546D-03 -.86775D-04
   11   -8 -.11541D-03 0.44158D-04
   11   -7 0.53482D-04 0.36973D-03
   11   -6 0.66156D-04 -.51908D-04
   11   -5 0.15205D-03 -.17579D-03
   11   -4 -.68015D-04 0.10690D-03
   11   -3 -.90187D-05 0.61997D-04
   11   -2 -.12760D-03 0.52940D-05
   11   -1 -.18635D-03 0.18760D-03
   11    0 -.27060D-03 0.00000D+00
   11    1 0.18635D-03 0.18760D-03
   11    2 -.12760D-03 -.52940D-05
   11    3 0.90187D-05 0.61997D-04
   11    4 -.68015D-04 -.10690D-03
   11    5 -.15205D-03 -.17579D-03
   11    6 0.66156D-04 0.51908D-04
   11    7 -.53482D-04 0.36973D-03
   11    8 -.11541D-03 -.44158D-04
   11    9 -.18546D-03 -.86775D-04
   11   10 0.19097D-03 -.13514D-03
   11   11 -.55517D-04 0.47486D-04
   12  -12 -.37838D-04 0.26454D-03
   12  -11 -.41710D-04 0.10594D-03
   12  -10 0.10566D-03 0.15881D-03
   12   -9 0.16370D-03 -.88997D-05
   12   -8 0.11101D-03 -.61783D-04
   12   -7 -.54773D-04 0.79934D-04
   12   -6 -.24298D-03 0.11097D-03
   12   -5 0.52834D-05 -.77589D-04
   12   -4 -.93434D-05 0.23667D-03
   12   -3 -.95218D-04 0.42476D-04
   12   -2 0.20309D-03 0.11582D-05
   12   -1 -.10434D-03 -.12020D-03
   12    0 0.56199D-04 0.00000D+00
   12    1 0.10434D-03 -.12020D-03
   12    2 0.20309D-03 -.11582D-05
   12    3 0.95218D-04 0.42476D-04
   12    4 -.93434D-05 -.23667D-03
   12    5 -.52834D-05 -.77589D-04
   12    6 -.24298D-03 -.11097D-03
   12    7 0.54773D-04 0.79934D-04
   12    8 0.11101D-03 0.61783D-04
   12    9 -.16370D-03 -.88997D-05
   12   10 0.10566D-03 -.15881D-03
   12   11 0.41710D-04 0.10594D-03
   12   12 -.37838D-04 -.26454D-03
   13  -13 -.10174D-03 0.85175D-04
   13  -12 0.81133D-04 0.26628D-03
   13  -11 -.71970D-04 -.42235D-04
   13  -10 0.14683D-05 0.13025D-03
   13   -9 -.13813D-03 -.45786D-04
   13   -8 0.53926D-04 0.36477D-04
   13   -7 -.38595D-04 -.60428D-04
   13   -6 -.97877D-04 0.11959D-03
   13   -5 -.59446D-04 0.13876D-06
   13   -4 -.52425D-04 -.86786D-05
   13   -3 0.69732D-04 0.33891D-04
   13   -2 -.76367D-04 -.14635D-03
   13   -1 0.10381D-04 -.56115D-04
   13    0 0.67069D-04 0.00000D+00
   13    1 -.10381D-04 -.56115D-04
   13    2 -.76367D-04 0.14635D-03
   13    3 -.69732D-04 0.33891D-04
   13    4 -.52425D-04 0.86786D-05
   13    5 0.59446D-04 0.13876D-06
   13    6 -.97877D-04 -.11959D-03
   13    7 0.38595D-04 -.60428D-04
   13    8 0.53926D-04 -.36477D-04
   13    9 0.13813D-03 -.45786D-04
   13   10 0.14683D-05 -.13025D-03
   13   11 0.71970D-04 -.42235D-04
   13   12 0.81133D-04 -.26628D-03
   13   13 0.10174D-03 0.85175D-04
   14  -14 -.40344D-04 -.14733D-04
   14  -13 -.20123D-03 0.45511D-05
   14  -12 0.57780D-04 0.31077D-03
   14  -11 -.51974D-04 -.12609D-03
   14  -10 -.28943D-04 0.63692D-04
   14   -9 -.24983D-03 0.50362D-04
   14   -8 0.91307D-04 0.90414D-05
   14   -7 0.10060D-04 -.29583D-04
   14   -6 0.88309D-04 0.51840D-05
   14   -5 -.58104D-04 0.17252D-04
   14   -4 0.65855D-05 -.16519D-03
   14   -3 -.10335D-03 0.17311D-04
   14   -2 -.29403D-04 0.16021D-04
   14   -1 -.21192D-04 -.69542D-04
   14    0 0.81508D-04 0.00000D+00
   14    1 0.21192D-04 -.69542D-04
   14    2 -.29403D-04 -.16021D-04
   14    3 0.10335D-03 0.17311D-04
   14    4 0.65855D-05 0.16519D-03
   14    5 0.58104D-04 0.17252D-04
   14    6 0.88309D-04 -.51840D-05
   14    7 -.10060D-04 -.29583D-04
   14    8 0.91307D-04 -.90414D-05
   14    9 0.24983D-03 0.50362D-04
   14   10 -.28943D-04 -.63692D-04
   14   11 0.51974D-04 -.12609D-03
   14   12 0.57780D-04 -.31077D-03
   14   13 0.20123D-03 0.45511D-05
   14   14 -.40344D-04 0.14733D-04
   15  -15 -.48058D-04 -.20991D-04
   15  -14 -.12816D-03 -.13669D-03
   15  -13 -.10924D-03 0.73186D-04
   15  -12 -.11450D-03 0.13038D-03
   15  -11 0.65404D-04 -.34443D-04
   15  -10 0.37898D-04 -.34563D-04
   15   -9 -.73082D-04 -.42180D-04
   15   -8 -.35691D-04 -.33856D-04
   15   -7 0.73891D-04 -.32647D-04
   15   -6 0.37986D-04 0.53568D-04
   15   -5 0.41407D-04 -.26372D-04
   15   -4 0.77802D-06 -.28513D-04
   15   -3 0.40358D-04 -.43675D-04
   15   -2 -.64814D-04 0.42080D-04
   15   -1 -.22695D-04 0.44858D-04
   15    0 0.31621D-04 0.00000D+00
   15    1 0.22695D-04 0.44858D-04
   15    2 -.64814D-04 -.42080D-04
   15    3 -.40358D-04 -.43675D-04
   15    4 0.77802D-06 0.28513D-04
   15    5 -.41407D-04 -.26372D-04
   15    6 0.37986D-04 -.53568D-04
   15    7 -.73891D-04 -.32647D-04
   15    8 -.35691D-04 0.33856D-04
   15    9 0.73082D-04 -.42180D-04
   15   10 0.37898D-04 0.34563D-04
   15   11 -.65404D-04 -.34443D-04
   15   12 -.11450D-03 -.13038D-03
   15   13 0.10924D-03 0.73186D-04
   15   14 -.12816D-03 0.13669D-03
   15   15 0.48058D-04 -.20991D-04
   16  -16 -.50439D-04 -.13981D-04
   16  -15 -.68344D-04 -.25679D-04
   16  -14 0.78037D-05 -.82492D-04
   16  -13 -.41920D-04 -.21903D-05
   16  -12 -.60558D-04 -.10105D-03
   16  -11 -.13181D-04 -.10974D-04
   16  -10 -.73296D-05 -.83367D-04
   16   -9 0.61020D-04 0.11019D-03
   16   -8 -.41896D-04 -.74023D-04
   16   -7 0.85999D-04 -.81056D-05
   16   -6 -.57386D-04 -.48867D-04
   16   -5 0.82821D-05 0.36357D-04
   16   -4 0.66274D-04 0.39291D-04
   16   -3 0.29979D-04 -.20604D-04
   16   -2 0.10717D-03 0.73046D-04
   16   -1 0.15806D-04 0.14561D-04
   16    0 -.11867D-03 0.00000D+00
   16    1 -.15806D-04 0.14561D-04
   16    2 0.10717D-03 -.73046D-04
   16    3 -.29979D-04 -.20604D-04
   16    4 0.66274D-04 -.39291D-04
   16    5 -.82821D-05 0.36357D-04
   16    6 -.57386D-04 0.48867D-04
   16    7 -.85999D-04 -.81056D-05
   16    8 -.41896D-04 0.74023D-04
   16    9 -.61020D-04 0.11019D-03
   16   10 -.73296D-05 0.83367D-04
   16   11 0.13181D-04 -.10974D-04
   16   12 -.60558D-04 0.10105D-03
   16   13 0.41920D-04 -.21903D-05
   16   14 0.78037D-05 0.82492D-04
   16   15 0.68344D-04 -.25679D-04
   16   16 -.50439D-04 0.13981D-04
   17  -17 0.44328D-05 -.34219D-05
   17  -16 0.86117D-05 -.98929D-05
   17  -15 0.21304D-06 -.66853D-05
   17  -14 0.93069D-07 -.59901D-05
   17  -13 0.79005D-06 -.12849D-05
   17  -12 0.87004D-06 -.62973D-06
   17  -11 0.24898D-07 0.36553D-07
   17  -10 0.32994D-06 0.46925D-05
   17   -9 0.36063D-05 -.15313D-07
   17   -8 -.10450D-05 0.21701D-05
   17   -7 0.19449D-05 -.27605D-05
   17   -6 -.46384D-05 -.40857D-05
   17   -5 -.25068D-05 0.45195D-05
   17   -4 0.15667D-05 0.45419D-06
   17   -3 0.57627D-07 -.37398D-05
   17   -2 0.34847D-05 -.21569D-05
   17   -1 -.80843D-06 0.20588D-05
   17    0 -.48789D-05 0.00000D+00
   17    1 0.80843D-06 0.20588D-05
   17    2 0.34847D-05 0.21569D-05
   17    3 -.57627D-07 -.37398D-05
   17    4 0.15667D-05 -.45419D-06
   17    5 0.25068D-05 0.45195D-05
   17    6 -.46384D-05 0.40857D-05
   17    7 -.19449D-05 -.27605D-05
   17    8 -.10450D-05 -.21701D-05
   17    9 -.36063D-05 -.15313D-07
   17   10 0.32994D-06 -.46925D-05
   17   11 -.24898D-07 0.36553D-07
   17   12 0.87004D-06 0.62973D-06
   17   13 -.79005D-06 -.12849D-05
   17   14 0.93069D-07 0.59901D-05
   17   15 -.21304D-06 -.66853D-05
   17   16 0.86117D-05 0.98929D-05
   17   17 -.44328D-05 -.34219D-05
   18  -18 0.28829D-05 0.19314D-05
   18  -17 0.79606D-05 -.21275D-05
   18  -16 0.54464D-05 -.23111D-05
   18  -15 0.19922D-05 -.44142D-05
   18  -14 0.15972D-05 -.59412D-06
   18  -13 0.13321D-05 -.58814D-06
   18  -12 -.13133D-06 0.19108D-06
   18  -11 0.11169D-05 0.21174D-05
   18  -10 0.14369D-07 -.36164D-05
   18   -9 -.35323D-05 0.15314D-05
   18   -8 -.31363D-06 0.14576D-05
   18   -7 -.14114D-05 0.10382D-05
   18   -6 0.13656D-05 -.16464D-05
   18   -5 -.27331D-05 -.23992D-05
   18   -4 0.85646D-07 0.44588D-05
   18   -3 0.10875D-05 -.13156D-05
   18   -2 0.25385D-05 -.65441D-06
   18   -1 0.35685D-05 0.15444D-05
   18    0 0.19282D-05 0.00000D+00
   18    1 -.35685D-05 0.15444D-05
   18    2 0.25385D-05 0.65441D-06
   18    3 -.10875D-05 -.13156D-05
   18    4 0.85646D-07 -.44588D-05
   18    5 0.27331D-05 -.23992D-05
   18    6 0.13656D-05 0.16464D-05
   18    7 0.14114D-05 0.10382D-05
   18    8 -.31363D-06 -.14576D-05
   18    9 0.35323D-05 0.15314D-05
   18   10 0.14369D-07 0.36164D-05
   18   11 -.11169D-05 0.21174D-05
   18   12 -.13133D-06 -.19108D-06
   18   13 -.13321D-05 -.58814D-06
   18   14 0.15972D-05 0.59412D-06
   18   15 -.19922D-05 -.44142D-05
   18   16 0.54464D-05 0.23111D-05
   18   17 -.79606D-05 -.21275D-05
   18   18 0.28829D-05 -.19314D-05
   19  -19 0.70223D-06 0.41695D-05
   19  -18 0.36467D-05 0.32020D-05
   19  -17 0.58551D-05 0.21241D-05
   19  -16 0.19599D-05 -.80959D-06
   19  -15 0.21780D-05 0.33485D-06
   19  -14 0.49319D-06 -.24264D-06
   19  -13 -.27170D-06 0.13728D-05
   19  -12 -.11675D-05 0.25031D-06
   19  -11 -.11076D-05 0.22057D-05
   19  -10 0.26279D-05 0.31764D-06
   19   -9 -.35844D-06 -.15685D-05
   19   -8 0.57762D-06 -.92569D-06
   19   -7 -.21758D-06 -.21868D-07
   19   -6 0.19325D-05 -.14747D-05
   19   -5 0.61733D-06 -.31280D-05
   19   -4 0.91550D-06 0.14316D-05
   19   -3 0.21167D-05 0.31992D-06
   19   -2 -.22014D-05 -.19269D-05
   19   -1 -.15241D-06 0.36950D-06
   19    0 0.11163D-05 0.00000D+00
   19    1 0.15241D-06 0.36950D-06
   19    2 -.22014D-05 0.19269D-05
   19    3 -.21167D-05 0.31992D-06
   19    4 0.91550D-06 -.14316D-05
   19    5 -.61733D-06 -.31280D-05
   19    6 0.19325D-05 0.14747D-05
   19    7 0.21758D-06 -.21868D-07
   19    8 0.57762D-06 0.92569D-06
   19    9 0.35844D-06 -.15685D-05
   19   10 0.26279D-05 -.31764D-06
   19   11 0.11076D-05 0.22057D-05
   19   12 -.11675D-05 -.25031D-06
   19   13 0.27170D-06 0.13728D-05
   19   14 0.49319D-06 0.24264D-06
   19   15 -.21780D-05 0.33485D-06
   19   16 0.19599D-05 0.80959D-06
   19   17 -.58551D-05 0.21241D-05
   19   18 0.36467D-05 -.32020D-05
   19   19 -.70223D-06 0.41695D-05
   20  -20 -.93307D-06 0.31826D-05
   20  -19 -.14968D-05 0.47228D-05
   20  -18 0.28319D-05 0.42609D-05
   20  -17 0.33890D-06 0.23637D-05
   20  -16 0.15547D-05 0.12286D-05
   20  -15 0.91644D-08 0.59707D-06
   20  -14 0.67623D-06 0.13422D-05
   20  -13 -.14676D-08 -.11379D-05
   20  -12 -.32104D-06 -.81154D-06
   20  -11 0.15582D-05 -.20216D-05
   20  -10 -.99968D-06 -.18036D-05
   20   -9 0.75007D-06 -.11521D-05
   20   -8 0.46122D-06 -.20721D-05
   20   -7 -.51262D-06 0.28329D-06
   20   -6 0.54973D-06 -.10506D-05
   20   -5 -.25860D-05 -.13253D-05
   20   -4 0.15180D-06 0.16852D-05
   20   -3 -.57184D-06 0.29094D-05
   20   -2 0.35200D-06 -.59053D-06
   20   -1 -.63416D-06 0.79510D-06
   20    0 -.36886D-08 0.00000D+00
   20    1 0.63416D-06 0.79510D-06
   20    2 0.35200D-06 0.59053D-06
   20    3 0.57184D-06 0.29094D-05
   20    4 0.15180D-06 -.16852D-05
   20    5 0.25860D-05 -.13253D-05
   20    6 0.54973D-06 0.10506D-05
   20    7 0.51262D-06 0.28329D-06
   20    8 0.46122D-06 0.20721D-05
   20    9 -.75007D-06 -.11521D-05
   20   10 -.99968D-06 0.18036D-05
   20   11 -.15582D-05 -.20216D-05
   20   12 -.32104D-06 0.81154D-06
   20   13 0.14676D-08 -.11379D-05
   20   14 0.67623D-06 -.13422D-05
   20   15 -.91644D-08 0.59707D-06
   20   16 0.15547D-05 -.12286D-05
   20   17 -.33890D-06 0.23637D-05
   20   18 0.28319D-05 -.42609D-05
   20   19 0.14968D-05 0.47228D-05
   20   20 -.93307D-06 -.31826D-05
   21  -21 -.14564D-05 0.36131D-06
   21  -20 -.48039D-05 0.30727D-05
   21  -19 -.91819D-06 0.34610D-05
   21  -18 -.15637D-05 0.33255D-05
   21  -17 -.12678D-06 0.13424D-05
   21  -16 -.37341D-06 0.11236D-05
   21  -15 0.94853D-06 0.34536D-06
   21  -14 -.96190D-06 -.13727D-05
   21  -13 -.54802D-06 -.64445D-06
   21  -12 -.74889D-06 -.18567D-05
   21  -11 -.50479D-06 0.17407D-05
   21  -10 0.78751D-06 -.11105D-05
   21   -9 -.53560D-06 0.21212D-06
   21   -8 0.13040D-05 -.42889D-07
   21   -7 -.26908D-06 0.11134D-05
   21   -6 0.19342D-05 0.28125D-05
   21   -5 0.15223D-05 -.16778D-05
   21   -4 -.10870D-05 -.35512D-06
   21   -3 -.10057D-06 0.14044D-05
   21   -2 -.17616D-06 0.79147D-06
   21   -1 0.36804D-06 -.66957D-06
   21    0 0.50497D-06 0.00000D+00
   21    1 -.36804D-06 -.66957D-06
   21    2 -.17616D-06 -.79147D-06
   21    3 0.10057D-06 0.14044D-05
   21    4 -.10870D-05 0.35512D-06
   21    5 -.15223D-05 -.16778D-05
   21    6 0.19342D-05 -.28125D-05
   21    7 0.26908D-06 0.11134D-05
   21    8 0.13040D-05 0.42889D-07
   21    9 0.53560D-06 0.21212D-06
   21   10 0.78751D-06 0.11105D-05
   21   11 0.50479D-06 0.17407D-05
   21   12 -.74889D-06 0.18567D-05
   21   13 0.54802D-06 -.64445D-06
   21   14 -.96190D-06 0.13727D-05
   21   15 -.94853D-06 0.34536D-06
   21   16 -.37341D-06 -.11236D-05
   21   17 0.12678D-06 0.13424D-05
   21   18 -.15637D-05 -.33255D-05
   21   19 0.91819D-06 0.34610D-05
   21   20 -.48039D-05 -.30727D-05
   21   21 0.14564D-05 0.36131D-06
   22  -22 -.10019D-05 -.23418D-05
   22  -21 -.50276D-05 0.15475D-06
   22  -20 -.30583D-05 0.79085D-06
   22  -19 -.24320D-05 0.20037D-05
   22  -18 -.17753D-05 0.36186D-06
   22  -17 -.70302D-06 0.92737D-06
   22  -16 0.57847D-06 -.24178D-06
   22  -15 -.83727D-06 -.57684D-06
   22  -14 0.89959D-07 -.25422D-06
   22  -13 0.76373D-06 -.68915D-06
   22  -12 0.13430D-05 -.59322D-08
   22  -11 -.40390D-06 -.58866D-06
   22  -10 0.68902D-06 0.12258D-05
   22   -9 0.18193D-05 0.11276D-06
   22   -8 0.72944D-06 -.85437D-06
   22   -7 -.33554D-07 -.31268D-06
   22   -6 -.63040D-06 0.67480D-06
   22   -5 0.55284D-06 0.66917D-06
   22   -4 -.13089D-05 -.30808D-05
   22   -3 -.21712D-06 0.80107D-06
   22   -2 -.52755D-06 0.52782D-06
   22   -1 -.11867D-05 -.77032D-06
   22    0 -.17037D-05 0.00000D+00
   22    1 0.11867D-05 -.77032D-06
   22    2 -.52755D-06 -.52782D-06
   22    3 0.21712D-06 0.80107D-06
   22    4 -.13089D-05 0.30808D-05
   22    5 -.55284D-06 0.66917D-06
   22    6 -.63040D-06 -.67480D-06
   22    7 0.33554D-07 -.31268D-06
   22    8 0.72944D-06 0.85437D-06
   22    9 -.18193D-05 0.11276D-06
   22   10 0.68902D-06 -.12258D-05
   22   11 0.40390D-06 -.58866D-06
   22   12 0.13430D-05 0.59322D-08
   22   13 -.76373D-06 -.68915D-06
   22   14 0.89959D-07 0.25422D-06
   22   15 0.83727D-06 -.57684D-06
   22   16 0.57847D-06 0.24178D-06
   22   17 0.70302D-06 0.92737D-06
   22   18 -.17753D-05 -.36186D-06
   22   19 0.24320D-05 0.20037D-05
   22   20 -.30583D-05 -.79085D-06
   22   21 0.50276D-05 0.15475D-06
   22   22 -.10019D-05 0.23418D-05
   23  -23 -.14458D-06 -.34575D-05
   23  -22 -.27023D-05 -.20628D-05
   23  -21 -.27524D-05 -.18660D-05
   23  -20 -.17926D-05 -.36273D-06
   23  -19 -.23800D-05 -.10181D-05
   23  -18 -.68102D-06 -.64951D-07
   23  -17 -.20845D-07 -.25270D-06
   23  -16 -.98854D-07 0.10297D-06
   23  -15 -.61089D-07 -.53775D-06
   23  -14 0.12926D-06 0.55408D-06
   23  -13 0.11989D-05 0.86175D-07
   23  -12 -.10362D-05 0.35733D-06
   23  -11 0.23273D-06 -.31779D-07
   23  -10 -.10958D-05 0.18825D-06
   23   -9 -.27348D-06 0.94701D-06
   23   -8 -.64939D-06 0.40409D-06
   23   -7 -.49614D-06 0.68316D-06
   23   -6 -.87004D-07 0.96973D-06
   23   -5 -.71070D-06 0.12300D-05
   23   -4 -.38838D-06 -.10493D-05
   23   -3 -.80032D-06 0.77237D-07
   23   -2 0.73388D-06 0.10928D-05
   23   -1 -.28430D-06 -.24504D-07
   23    0 -.55222D-06 0.00000D+00
   23    1 0.28430D-06 -.24504D-07
   23    2 0.73388D-06 -.10928D-05
   23    3 0.80032D-06 0.77237D-07
   23    4 -.38838D-06 0.10493D-05
   23    5 0.71070D-06 0.12300D-05
   23    6 -.87004D-07 -.96973D-06
   23    7 0.49614D-06 0.68316D-06
   23    8 -.64939D-06 -.40409D-06
   23    9 0.27348D-06 0.94701D-06
   23   10 -.10958D-05 -.18825D-06
   23   11 -.23273D-06 -.31779D-07
   23   12 -.10362D-05 -.35733D-06
   23   13 -.11989D-05 0.86175D-07
   23   14 0.12926D-06 -.55408D-06
   23   15 0.61089D-07 -.53775D-06
   23   16 -.98854D-07 -.10297D-06
   23   17 0.20845D-07 -.25270D-06
   23   18 -.68102D-06 0.64951D-07
   23   19 0.23800D-05 -.10181D-05
   23   20 -.17926D-05 0.36273D-06
   23   21 0.27524D-05 -.18660D-05
   23   22 -.27023D-05 0.20628D-05
   23   23 0.14458D-06 -.34575D-05
   24  -24 0.50526D-06 -.26326D-05
   24  -23 0.43501D-06 -.25147D-05
   24  -22 -.74525D-06 -.29911D-05
   24  -21 -.16992D-06 -.21141D-05
   24  -20 -.16460D-05 -.18236D-05
   24  -19 -.10763D-06 -.10297D-05
   24  -18 -.18610D-06 -.27503D-06
   24  -17 0.40444D-06 0.49022D-06
   24  -16 -.47537D-06 -.36660D-06
   24  -15 0.50500D-07 0.13789D-05
   24  -14 0.10990D-05 0.57532D-06
   24  -13 -.39826D-06 0.11302D-05
   24  -12 0.15968D-06 0.19416D-07
   24  -11 -.96020D-06 0.11897D-05
   24  -10 0.64222D-06 0.16604D-05
   24   -9 -.47646D-06 0.46046D-06
   24   -8 -.35414D-06 0.10920D-05
   24   -7 0.74305D-06 -.10647D-05
   24   -6 -.11902D-05 0.30052D-06
   24   -5 0.19858D-05 0.10553D-05
   24   -4 0.59557D-06 -.65199D-06
   24   -3 0.23337D-06 -.19886D-05
   24   -2 -.77658D-07 -.11680D-07
   24   -1 0.63698D-06 -.65660D-06
   24    0 0.27939D-06 0.00000D+00
   24    1 -.63698D-06 -.65660D-06
   24    2 -.77658D-07 0.11680D-07
   24    3 -.23337D-06 -.19886D-05
   24    4 0.59557D-06 0.65199D-06
   24    5 -.19858D-05 0.10553D-05
   24    6 -.11902D-05 -.30052D-06
   24    7 -.74305D-06 -.10647D-05
   24    8 -.35414D-06 -.10920D-05
   24    9 0.47646D-06 0.46046D-06
   24   10 0.64222D-06 -.16604D-05
   24   11 0.96020D-06 0.11897D-05
   24   12 0.15968D-06 -.19416D-07
   24   13 0.39826D-06 0.11302D-05
   24   14 0.10990D-05 -.57532D-06
   24   15 -.50500D-07 0.13789D-05
   24   16 -.47537D-06 0.36660D-06
   24   17 -.40444D-06 0.49022D-06
   24   18 -.18610D-06 0.27503D-06
   24   19 0.10763D-06 -.10297D-05
   24   20 -.16460D-05 0.18236D-05
   24   21 0.16992D-06 -.21141D-05
   24   22 -.74525D-06 0.29911D-05
   24   23 -.43501D-06 -.25147D-05
   24   24 0.50526D-06 0.26326D-05
   25  -25 0.62177D-06 -.60773D-06
   25  -24 0.25369D-05 -.13520D-05
   25  -23 0.14084D-05 -.22035D-05
   25  -22 0.13514D-05 -.22564D-05
   25  -21 -.17229D-06 -.14539D-05
   25  -20 0.68462D-06 -.13900D-05
   25  -19 0.15326D-06 -.18323D-06
   25  -18 0.45790D-06 0.21263D-06
   25  -17 -.81112D-06 0.36601D-06
   25  -16 0.31969D-06 0.10388D-05
   25  -15 0.35705D-06 0.38858D-06
   25  -14 -.16328D-06 0.10340D-05
   25  -13 -.70479D-06 -.32699D-06
   25  -12 0.62003D-06 0.91199D-06
   25  -11 0.32840D-06 -.11079D-05
   25  -10 -.10918D-05 0.14711D-07
   25   -9 -.20354D-06 -.44446D-06
   25   -8 -.37594D-06 -.34746D-06
   25   -7 0.10331D-06 -.50776D-06
   25   -6 -.12611D-05 -.19854D-05
   25   -5 -.60712D-07 0.14973D-05
   25   -4 0.61216D-06 0.23232D-06
   25   -3 -.39318D-06 -.15730D-05
   25   -2 -.44626D-06 -.49475D-06
   25   -1 -.34859D-07 0.80335D-06
   25    0 -.19839D-06 0.00000D+00
   25    1 0.34859D-07 0.80335D-06
   25    2 -.44626D-06 0.49475D-06
   25    3 0.39318D-06 -.15730D-05
   25    4 0.61216D-06 -.23232D-06
   25    5 0.60712D-07 0.14973D-05
   25    6 -.12611D-05 0.19854D-05
   25    7 -.10331D-06 -.50776D-06
   25    8 -.37594D-06 0.34746D-06
   25    9 0.20354D-06 -.44446D-06
   25   10 -.10918D-05 -.14711D-07
   25   11 -.32840D-06 -.11079D-05
   25   12 0.62003D-06 -.91199D-06
   25   13 0.70479D-06 -.32699D-06
   25   14 -.16328D-06 -.10340D-05
   25   15 -.35705D-06 0.38858D-06
   25   16 0.31969D-06 -.10388D-05
   25   17 0.81112D-06 0.36601D-06
   25   18 0.45790D-06 -.21263D-06
   25   19 -.15326D-06 -.18323D-06
   25   20 0.68462D-06 0.13900D-05
   25   21 0.17229D-06 -.14539D-05
   25   22 0.13514D-05 0.22564D-05
   25   23 -.14084D-05 -.22035D-05
   25   24 0.25369D-05 0.13520D-05
   25   25 -.62177D-06 -.60773D-06
   26  -26 0.25882D-06 0.13548D-05
   26  -25 0.26277D-05 0.42236D-06
   26  -24 0.23919D-05 -.27970D-06
   26  -23 0.18438D-05 -.93005D-06
   26  -22 0.10432D-05 -.11784D-06
   26  -21 0.11504D-05 -.85820D-06
   26  -20 0.70190D-06 0.28429D-07
   26  -19 0.35489D-06 0.84952D-07
   26  -18 -.65802D-06 0.58059D-06
   26  -17 0.24247D-06 0.41736D-06
   26  -16 -.15459D-06 0.16766D-06
   26  -15 0.64774D-07 0.37110D-06
   26  -14 -.11812D-05 -.32375D-06
   26  -13 -.15831D-06 0.34628D-06
   26  -12 -.63972D-07 0.17220D-06
   26  -11 -.35131D-06 0.46142D-07
   26  -10 -.83116D-06 -.67967D-06
   26   -9 -.91207D-06 0.49048D-07
   26   -8 -.68636D-07 0.66537D-06
   26   -7 -.32141D-06 -.15629D-06
   26   -6 0.67883D-06 -.65243D-07
   26   -5 -.39534D-06 -.11670D-06
   26   -4 0.77703D-06 0.19847D-05
   26   -3 -.45339D-07 -.39064D-06
   26   -2 0.84370D-06 0.11310D-06
   26   -1 0.93958D-06 0.47139D-06
   26    0 0.93614D-06 0.00000D+00
   26    1 -.93958D-06 0.47139D-06
   26    2 0.84370D-06 -.11310D-06
   26    3 0.45339D-07 -.39064D-06
   26    4 0.77703D-06 -.19847D-05
   26    5 0.39534D-06 -.11670D-06
   26    6 0.67883D-06 0.65243D-07
   26    7 0.32141D-06 -.15629D-06
   26    8 -.68636D-07 -.66537D-06
   26    9 0.91207D-06 0.49048D-07
   26   10 -.83116D-06 0.67967D-06
   26   11 0.35131D-06 0.46142D-07
   26   12 -.63972D-07 -.17220D-06
   26   13 0.15831D-06 0.34628D-06
   26   14 -.11812D-05 0.32375D-06
   26   15 -.64774D-07 0.37110D-06
   26   16 -.15459D-06 -.16766D-06
   26   17 -.24247D-06 0.41736D-06
   26   18 -.65802D-06 -.58059D-06
   26   19 -.35489D-06 0.84952D-07
   26   20 0.70190D-06 -.28429D-07
   26   21 -.11504D-05 -.85820D-06
   26   22 0.10432D-05 0.11784D-06
   26   23 -.18438D-05 -.93005D-06
   26   24 0.23919D-05 0.27970D-06
   26   25 -.26277D-05 0.42236D-06
   26   26 0.25882D-06 -.13548D-05
   27  -27 -.27387D-06 0.22200D-05
   27  -26 0.98226D-06 0.16784D-05
   27  -25 0.18208D-05 0.14624D-05
   27  -24 0.10614D-05 0.85818D-06
   27  -23 0.12542D-05 0.13545D-05
   27  -22 0.94325D-06 0.19967D-06
   27  -21 0.95815D-06 0.33174D-06
   27  -20 0.12968D-06 0.23721D-07
   27  -19 -.32323D-06 0.62156D-06
   27  -18 -.15938D-06 -.57883D-06
   27  -17 -.26602D-06 0.35789D-06
   27  -16 0.35106D-06 -.67522D-06
   27  -15 -.12536D-05 -.22281D-06
   27  -14 0.20650D-06 -.38744D-06
   27  -13 0.14228D-07 0.14365D-06
   27  -12 0.11921D-05 -.54028D-06
   27  -11 -.57695D-06 -.84989D-06
   27  -10 0.10530D-05 0.10214D-06
   27   -9 0.90951D-06 -.87040D-06
   27   -8 0.48228D-07 -.21521D-06
   27   -7 0.10209D-05 -.10584D-06
   27   -6 -.16332D-06 -.67355D-06
   27   -5 0.88375D-07 -.12108D-05
   27   -4 0.25660D-06 0.85159D-06
   27   -3 0.88013D-06 0.23718D-06
   27   -2 -.47817D-06 -.65759D-06
   27   -1 0.24860D-07 -.32412D-06
   27    0 0.20608D-07 0.00000D+00
   27    1 -.24860D-07 -.32412D-06
   27    2 -.47817D-06 0.65759D-06
   27    3 -.88013D-06 0.23718D-06
   27    4 0.25660D-06 -.85159D-06
   27    5 -.88375D-07 -.12108D-05
   27    6 -.16332D-06 0.67355D-06
   27    7 -.10209D-05 -.10584D-06
   27    8 0.48228D-07 0.21521D-06
   27    9 -.90951D-06 -.87040D-06
   27   10 0.10530D-05 -.10214D-06
   27   11 0.57695D-06 -.84989D-06
   27   12 0.11921D-05 0.54028D-06
   27   13 -.14228D-07 0.14365D-06
   27   14 0.20650D-06 0.38744D-06
   27   15 0.12536D-05 -.22281D-06
   27   16 0.35106D-06 0.67522D-06
   27   17 0.26602D-06 0.35789D-06
   27   18 -.15938D-06 0.57883D-06
   27   19 0.32323D-06 0.62156D-06
   27   20 0.12968D-06 -.23721D-07
   27   21 -.95815D-06 0.33174D-06
   27   22 0.94325D-06 -.19967D-06
   27   23 -.12542D-05 0.13545D-05
   27   24 0.10614D-05 -.85818D-06
   27   25 -.18208D-05 0.14624D-05
   27   26 0.98226D-06 -.16784D-05
   27   27 0.27387D-06 0.22200D-05
   28  -28 -.63953D-06 0.17000D-05
   28  -27 -.12074D-05 0.17987D-05
   28  -26 0.27839D-06 0.19978D-05
   28  -25 -.45961D-06 0.19594D-05
   28  -24 0.43764D-06 0.20881D-05
   28  -23 0.19826D-06 0.10778D-05
   28  -22 0.67746D-06 0.47185D-06
   28  -21 -.18822D-06 0.14970D-06
   28  -20 -.86746D-07 0.47935D-06
   28  -19 -.32597D-06 -.63449D-06
   28  -18 0.11439D-06 -.65999D-07
   28  -17 0.28802D-06 -.93327D-06
   28  -16 -.74771D-06 -.23222D-06
   28  -15 0.12856D-06 -.86660D-06
   28  -14 0.25218D-06 -.51489D-07
   28  -13 0.72707D-07 -.88401D-06
   28  -12 -.65551D-06 -.40794D-06
   28  -11 0.67573D-06 -.36267D-06
   28  -10 0.27174D-07 -.89330D-06
   28   -9 -.31980D-06 0.60410D-07
   28   -8 0.32036D-06 -.76820D-06
   28   -7 -.69923D-06 0.93942D-06
   28   -6 0.25193D-06 -.37728D-06
   28   -5 -.18179D-05 -.87608D-06
   28   -4 0.78849D-07 0.78720D-06
   28   -3 0.67388D-07 0.18972D-05
   28   -2 0.13525D-06 -.35327D-06
   28   -1 -.10069D-05 0.31067D-06
   28    0 -.74235D-06 0.00000D+00
   28    1 0.10069D-05 0.31067D-06
   28    2 0.13525D-06 0.35327D-06
   28    3 -.67388D-07 0.18972D-05
   28    4 0.78849D-07 -.78720D-06
   28    5 0.18179D-05 -.87608D-06
   28    6 0.25193D-06 0.37728D-06
   28    7 0.69923D-06 0.93942D-06
   28    8 0.32036D-06 0.76820D-06
   28    9 0.31980D-06 0.60410D-07
   28   10 0.27174D-07 0.89330D-06
   28   11 -.67573D-06 -.36267D-06
   28   12 -.65551D-06 0.40794D-06
   28   13 -.72707D-07 -.88401D-06
   28   14 0.25218D-06 0.51489D-07
   28   15 -.12856D-06 -.86660D-06
   28   16 -.74771D-06 0.23222D-06
   28   17 -.28802D-06 -.93327D-06
   28   18 0.11439D-06 0.65999D-07
   28   19 0.32597D-06 -.63449D-06
   28   20 -.86746D-07 -.47935D-06
   28   21 0.18822D-06 0.14970D-06
   28   22 0.67746D-06 -.47185D-06
   28   23 -.19826D-06 0.10778D-05
   28   24 0.43764D-06 -.20881D-05
   28   25 0.45961D-06 0.19594D-05
   28   26 0.27839D-06 -.19978D-05
   28   27 0.12074D-05 0.17987D-05
   28   28 -.63953D-06 -.17000D-05
   29  -29 -.66406D-06 0.30587D-06
   29  -28 -.26080D-05 0.91837D-06
   29  -27 -.11927D-05 0.11423D-05
   29  -26 -.17935D-05 0.17982D-05
   29  -25 -.76387D-06 0.16843D-05
   29  -24 -.63496D-06 0.12182D-05
   29  -23 -.66668D-07 0.24219D-06
   29  -22 -.49772D-06 0.25094D-06
   29  -21 -.11692D-06 0.37304D-06
   29  -20 -.30690D-06 -.43300D-06
   29  -19 0.42432D-06 -.26351D-06
   29  -18 0.50318D-07 -.10565D-05
   29  -17 -.10413D-06 0.75822D-07
   29  -16 -.62037D-07 -.88743D-06
   29  -15 0.69468D-06 0.19075D-06
   29  -14 0.21427D-06 -.70479D-06
   29  -13 -.34510D-06 -.10101D-06
   29  -12 -.59065D-07 -.15060D-06
   29  -11 0.65011D-06 0.14779D-05
   29  -10 0.12638D-05 0.25325D-06
   29   -9 -.12539D-06 -.39035D-06
   29   -8 0.22991D-06 0.57714D-06
   29   -7 -.23666D-06 0.49465D-06
   29   -6 0.88053D-06 0.13115D-05
   29   -5 0.52418D-06 -.10568D-05
   29   -4 -.21896D-06 0.77339D-07
   29   -3 0.78965D-07 0.74191D-06
   29   -2 -.23968D-06 0.20501D-06
   29   -1 -.46713D-06 -.42420D-06
   29    0 0.85438D-06 0.00000D+00
   29    1 0.46713D-06 -.42420D-06
   29    2 -.23968D-06 -.20501D-06
   29    3 -.78965D-07 0.74191D-06
   29    4 -.21896D-06 -.77339D-07
   29    5 -.52418D-06 -.10568D-05
   29    6 0.88053D-06 -.13115D-05
   29    7 0.23666D-06 0.49465D-06
   29    8 0.22991D-06 -.57714D-06
   29    9 0.12539D-06 -.39035D-06
   29   10 0.12638D-05 -.25325D-06
   29   11 -.65011D-06 0.14779D-05
   29   12 -.59065D-07 0.15060D-06
   29   13 0.34510D-06 -.10101D-06
   29   14 0.21427D-06 0.70479D-06
   29   15 -.69468D-06 0.19075D-06
   29   16 -.62037D-07 0.88743D-06
   29   17 0.10413D-06 0.75822D-07
   29   18 0.50318D-07 0.10565D-05
   29   19 -.42432D-06 -.26351D-06
   29   20 -.30690D-06 0.43300D-06
   29   21 0.11692D-06 0.37304D-06
   29   22 -.49772D-06 -.25094D-06
   29   23 0.66668D-07 0.24219D-06
   29   24 -.63496D-06 -.12182D-05
   29   25 0.76387D-06 0.16843D-05
   29   26 -.17935D-05 -.17982D-05
   29   27 0.11927D-05 0.11423D-05
   29   28 -.26080D-05 -.91837D-06
   29   29 0.66406D-06 0.30587D-06
   30  -30 -.39597D-06 -.10348D-05
   30  -29 -.24909D-05 -.28715D-06
   30  -28 -.17676D-05 -.44651D-06
   30  -27 -.21837D-05 0.62984D-06
   30  -26 -.15324D-05 0.46470D-06
   30  -25 -.10120D-05 0.53407D-06
   30  -24 -.84965D-06 -.28162D-06
   30  -23 -.53226D-06 0.16272D-06
   30  -22 -.20046D-06 0.20865D-06
   30  -21 -.24218D-06 -.24142D-07
   30  -20 0.33285D-06 -.37684D-06
   30  -19 0.16542D-06 -.11519D-06
   30  -18 0.47672D-06 -.14702D-06
   30  -17 -.38340D-06 -.14687D-06
   30  -16 0.97293D-06 0.25895D-06
   30  -15 0.21451D-06 -.21037D-06
   30  -14 -.72953D-07 -.13522D-06
   30  -13 -.36084D-06 0.10040D-06
   30  -12 0.90986D-06 0.48343D-06
   30  -11 0.60981D-06 -.29208D-06
   30  -10 -.62020D-06 -.24073D-06
   30   -9 0.33649D-06 0.43978D-06
   30   -8 -.50596D-07 -.41116D-06
   30   -7 0.29648D-06 -.28187D-06
   30   -6 0.18479D-07 -.58959D-08
   30   -5 0.26893D-06 0.32710D-06
   30   -4 -.10875D-05 -.19425D-05
   30   -3 -.27635D-06 0.11450D-06
   30   -2 -.64775D-06 0.30829D-07
   30   -1 0.14892D-06 -.30753D-06
   30    0 -.40699D-06 0.00000D+00
   30    1 -.14892D-06 -.30753D-06
   30    2 -.64775D-06 -.30829D-07
   30    3 0.27635D-06 0.11450D-06
   30    4 -.10875D-05 0.19425D-05
   30    5 -.26893D-06 0.32710D-06
   30    6 0.18479D-07 0.58959D-08
   30    7 -.29648D-06 -.28187D-06
   30    8 -.50596D-07 0.41116D-06
   30    9 -.33649D-06 0.43978D-06
   30   10 -.62020D-06 0.24073D-06
   30   11 -.60981D-06 -.29208D-06
   30   12 0.90986D-06 -.48343D-06
   30   13 0.36084D-06 0.10040D-06
   30   14 -.72953D-07 0.13522D-06
   30   15 -.21451D-06 -.21037D-06
   30   16 0.97293D-06 -.25895D-06
   30   17 0.38340D-06 -.14687D-06
   30   18 0.47672D-06 0.14702D-06
   30   19 -.16542D-06 -.11519D-06
   30   20 0.33285D-06 0.37684D-06
   30   21 0.24218D-06 -.24142D-07
   30   22 -.20046D-06 -.20865D-06
   30   23 0.53226D-06 0.16272D-06
   30   24 -.84965D-06 0.28162D-06
   30   25 0.10120D-05 0.53407D-06
   30   26 -.15324D-05 -.46470D-06
   30   27 0.21837D-05 0.62984D-06
   30   28 -.17676D-05 0.44651D-06
   30   29 0.24909D-05 -.28715D-06
   30   30 -.39597D-06 0.10348D-05
   31  -31 -.32247D-07 -.15370D-05
   31  -30 -.10561D-05 -.10709D-05
   31  -29 -.12725D-05 -.17423D-05
   31  -28 -.14800D-05 -.72048D-06
   31  -27 -.13849D-05 -.78144D-06
   31  -26 -.71886D-06 -.49816D-06
   31  -25 -.11795D-05 -.86365D-06
   31  -24 -.30482D-06 -.89202D-07
   31  -23 -.23835D-06 -.59089D-08
   31  -22 -.24822D-06 0.19060D-06
   31  -21 -.14722D-06 -.16448D-06
   31  -20 0.37932D-06 0.48453D-06
   31  -19 0.74909D-06 -.69280D-08
   31  -18 -.56553D-06 0.22056D-06
   31  -17 0.67501D-06 0.34801D-06
   31  -16 0.17548D-06 0.41565D-06
   31  -15 0.16307D-06 -.45148D-07
   31  -14 -.61132D-06 0.44293D-06
   31  -13 0.65019D-06 0.44114D-06
   31  -12 -.61274D-06 0.18507D-06
   31  -11 -.57256D-06 0.59830D-06
   31  -10 -.50762D-06 0.98007D-07
   31   -9 -.48414D-06 0.79454D-06
   31   -8 0.34337D-06 -.12455D-06
   31   -7 -.33498D-06 -.86306D-07
   31   -6 0.40795D-07 0.93263D-06
   31   -5 -.61559D-06 0.85414D-06
   31   -4 -.45756D-06 -.11348D-05
   31   -3 -.56462D-06 -.25753D-06
   31   -2 0.88883D-06 0.77146D-06
   31   -1 0.51106D-06 0.42957D-06
   31    0 -.90369D-06 0.00000D+00
   31    1 -.51106D-06 0.42957D-06
   31    2 0.88883D-06 -.77146D-06
   31    3 0.56462D-06 -.25753D-06
   31    4 -.45756D-06 0.11348D-05
   31    5 0.61559D-06 0.85414D-06
   31    6 0.40795D-07 -.93263D-06
   31    7 0.33498D-06 -.86306D-07
   31    8 0.34337D-06 0.12455D-06
   31    9 0.48414D-06 0.79454D-06
   31   10 -.50762D-06 -.98007D-07
   31   11 0.57256D-06 0.59830D-06
   31   12 -.61274D-06 -.18507D-06
   31   13 -.65019D-06 0.44114D-06
   31   14 -.61132D-06 -.44293D-06
   31   15 -.16307D-06 -.45148D-07
   31   16 0.17548D-06 -.41565D-06
   31   17 -.67501D-06 0.34801D-06
   31   18 -.56553D-06 -.22056D-06
   31   19 -.74909D-06 -.69280D-08
   31   20 0.37932D-06 -.48453D-06
   31   21 0.14722D-06 -.16448D-06
   31   22 -.24822D-06 -.19060D-06
   31   23 0.23835D-06 -.59089D-08
   31   24 -.30482D-06 0.89202D-07
   31   25 0.11795D-05 -.86365D-06
   31   26 -.71886D-06 0.49816D-06
   31   27 0.13849D-05 -.78144D-06
   31   28 -.14800D-05 0.72048D-06
   31   29 0.12725D-05 -.17423D-05
   31   30 -.10561D-05 0.10709D-05
   31   31 0.32247D-07 -.15370D-05
   32  -32 0.22149D-06 -.97514D-06
   32  -31 0.78881D-06 -.10431D-05
   32  -30 -.17871D-06 -.19791D-05
   32  -29 -.16695D-06 -.14155D-05
   32  -28 -.45338D-06 -.13123D-05
   32  -27 0.69024D-07 -.12058D-05
   32  -26 -.92197D-06 -.11334D-05
   32  -25 0.15755D-06 -.40859D-06
   32  -24 -.13203D-06 -.56150D-07
   32  -23 -.66871D-07 0.17569D-06
   32  -22 -.49151D-06 -.47777D-07
   32  -21 0.43572D-06 0.80277D-06
   32  -20 0.59429D-06 0.69176D-07
   32  -19 -.33569D-06 0.75417D-06
   32  -18 -.50442D-07 0.99562D-07
   32  -17 0.96312D-07 0.93933D-06
   32  -16 0.23199D-06 -.23068D-07
   32  -15 -.50032D-06 0.55662D-06
   32  -14 0.28102D-06 0.46740D-06
   32  -13 0.31881D-06 0.42305D-06
   32  -12 -.34743D-06 -.39075D-06
   32  -11 -.79415D-06 -.14745D-06
   32  -10 0.15360D-06 0.12317D-05
   32   -9 0.78778D-06 0.66217D-08
   32   -8 -.24945D-07 0.20485D-07
   32   -7 0.16953D-06 -.67352D-06
   32   -6 -.70366D-06 0.50395D-06
   32   -5 0.15650D-05 0.26466D-06
   32   -4 0.43116D-06 -.69506D-06
   32   -3 0.41296D-06 -.10203D-05
   32   -2 0.45102D-06 0.37392D-06
   32   -1 0.13661D-06 -.43894D-06
   32    0 -.54599D-06 0.00000D+00
   32    1 -.13661D-06 -.43894D-06
   32    2 0.45102D-06 -.37392D-06
   32    3 -.41296D-06 -.10203D-05
   32    4 0.43116D-06 0.69506D-06
   32    5 -.15650D-05 0.26466D-06
   32    6 -.70366D-06 -.50395D-06
   32    7 -.16953D-06 -.67352D-06
   32    8 -.24945D-07 -.20485D-07
   32    9 -.78778D-06 0.66217D-08
   32   10 0.15360D-06 -.12317D-05
   32   11 0.79415D-06 -.14745D-06
   32   12 -.34743D-06 0.39075D-06
   32   13 -.31881D-06 0.42305D-06
   32   14 0.28102D-06 -.46740D-06
   32   15 0.50032D-06 0.55662D-06
   32   16 0.23199D-06 0.23068D-07
   32   17 -.96312D-07 0.93933D-06
   32   18 -.50442D-07 -.99562D-07
   32   19 0.33569D-06 0.75417D-06
   32   20 0.59429D-06 -.69176D-07
   32   21 -.43572D-06 0.80277D-06
   32   22 -.49151D-06 0.47777D-07
   32   23 0.66871D-07 0.17569D-06
   32   24 -.13203D-06 0.56150D-07
   32   25 -.15755D-06 -.40859D-06
   32   26 -.92197D-06 0.11334D-05
   32   27 -.69024D-07 -.12058D-05
   32   28 -.45338D-06 0.13123D-05
   32   29 0.16695D-06 -.14155D-05
   32   30 -.17871D-06 0.19791D-05
   32   31 -.78881D-06 -.10431D-05
   32   32 0.22149D-06 0.97514D-06
   33  -33 0.26627D-06 0.25214D-06
   33  -32 0.20101D-05 -.33363D-06
   33  -31 0.76926D-06 -.10612D-05
   33  -30 0.96273D-06 -.11067D-05
   33  -29 0.66477D-06 -.87303D-06
   33  -28 0.83066D-06 -.11604D-05
   33  -27 -.30041D-06 -.85841D-06
   33  -26 0.54511D-06 -.51989D-06
   33  -25 0.22142D-06 0.14572D-07
   33  -24 0.51240D-07 0.99583D-07
   33  -23 -.62962D-06 -.11415D-06
   33  -22 0.13556D-06 0.51521D-06
   33  -21 0.19326D-06 0.45610D-06
   33  -20 -.26854D-07 0.42299D-06
   33  -19 -.66239D-06 0.93499D-07
   33  -18 0.10542D-06 0.83895D-06
   33  -17 0.70846D-07 -.22737D-07
   33  -16 -.29219D-06 0.28502D-06
   33  -15 -.17070D-06 0.13611D-06
   33  -14 0.30810D-06 0.36566D-06
   33  -13 -.49023D-06 -.71011D-06
   33  -12 -.69815D-06 -.12537D-07
   33  -11 0.29869D-06 -.19890D-06
   33  -10 -.16446D-06 -.29136D-06
   33   -9 0.57285D-07 -.48461D-06
   33   -8 -.74431D-06 -.30649D-06
   33   -7 -.18609D-06 0.11558D-06
   33   -6 -.59750D-06 -.15517D-05
   33   -5 0.34707D-06 0.70793D-06
   33   -4 0.34588D-06 0.57125D-06
   33   -3 -.38204D-07 -.59115D-06
   33   -2 -.57815D-06 -.43938D-06
   33   -1 -.58266D-06 0.36378D-06
   33    0 0.54484D-07 0.00000D+00
   33    1 0.58266D-06 0.36378D-06
   33    2 -.57815D-06 0.43938D-06
   33    3 0.38204D-07 -.59115D-06
   33    4 0.34588D-06 -.57125D-06
   33    5 -.34707D-06 0.70793D-06
   33    6 -.59750D-06 0.15517D-05
   33    7 0.18609D-06 0.11558D-06
   33    8 -.74431D-06 0.30649D-06
   33    9 -.57285D-07 -.48461D-06
   33   10 -.16446D-06 0.29136D-06
   33   11 -.29869D-06 -.19890D-06
   33   12 -.69815D-06 0.12537D-07
   33   13 0.49023D-06 -.71011D-06
   33   14 0.30810D-06 -.36566D-06
   33   15 0.17070D-06 0.13611D-06
   33   16 -.29219D-06 -.28502D-06
   33   17 -.70846D-07 -.22737D-07
   33   18 0.10542D-06 -.83895D-06
   33   19 0.66239D-06 0.93499D-07
   33   20 -.26854D-07 -.42299D-06
   33   21 -.19326D-06 0.45610D-06
   33   22 0.13556D-06 -.51521D-06
   33   23 0.62962D-06 -.11415D-06
   33   24 0.51240D-07 -.99583D-07
   33   25 -.22142D-06 0.14572D-07
   33   26 0.54511D-06 0.51989D-06
   33   27 0.30041D-06 -.85841D-06
   33   28 0.83066D-06 0.11604D-05
   33   29 -.66477D-06 -.87303D-06
   33   30 0.96273D-06 0.11067D-05
   33   31 -.76926D-06 -.10612D-05
   33   32 0.20101D-05 0.33363D-06
   33   33 -.26627D-06 0.25214D-06
   34  -34 0.14221D-06 0.14045D-05
   34  -33 0.20311D-05 0.55860D-06
   34  -32 0.10250D-05 0.44638D-06
   34  -31 0.12945D-05 -.79377D-07
   34  -30 0.13005D-05 0.17538D-06
   34  -29 0.10839D-05 -.40857D-06
   34  -28 0.20873D-06 -.12950D-06
   34  -27 0.73338D-06 -.29660D-06
   34  -26 0.58039D-06 0.15814D-06
   34  -25 0.18674D-06 -.56932D-07
   34  -24 -.67883D-06 -.55269D-07
   34  -23 0.35666D-07 0.57030D-07
   34  -22 0.10830D-06 0.54001D-06
   34  -21 0.18129D-06 0.56815D-07
   34  -20 -.10092D-05 -.20801D-06
   34  -19 0.13335D-06 0.52637D-06
   34  -18 -.92954D-07 0.60044D-07
   34  -17 -.69125D-07 -.28080D-06
   34  -16 -.59910D-06 -.21684D-06
   34  -15 0.34409D-06 0.20804D-06
   34  -14 -.47861D-06 -.27993D-06
   34  -13 -.20825D-06 -.12840D-08
   34  -12 0.33688D-06 0.44360D-07
   34  -11 -.57709D-07 0.17011D-07
   34  -10 -.71581D-07 -.30120D-06
   34   -9 -.93082D-06 -.20830D-07
   34   -8 -.13991D-06 0.96899D-06
   34   -7 0.16318D-06 -.20953D-06
   34   -6 0.81715D-06 -.31144D-06
   34   -5 -.23536D-06 0.50536D-06
   34   -4 0.66368D-06 0.18706D-05
   34   -3 -.27243D-06 -.34583D-06
   34   -2 -.45481D-07 -.24398D-06
   34   -1 0.62390D-06 0.19202D-06
   34    0 0.11510D-05 0.00000D+00
   34    1 -.62390D-06 0.19202D-06
   34    2 -.45481D-07 0.24398D-06
   34    3 0.27243D-06 -.34583D-06
   34    4 0.66368D-06 -.18706D-05
   34    5 0.23536D-06 0.50536D-06
   34    6 0.81715D-06 0.31144D-06
   34    7 -.16318D-06 -.20953D-06
   34    8 -.13991D-06 -.96899D-06
   34    9 0.93082D-06 -.20830D-07
   34   10 -.71581D-07 0.30120D-06
   34   11 0.57709D-07 0.17011D-07
   34   12 0.33688D-06 -.44360D-07
   34   13 0.20825D-06 -.12840D-08
   34   14 -.47861D-06 0.27993D-06
   34   15 -.34409D-06 0.20804D-06
   34   16 -.59910D-06 0.21684D-06
   34   17 0.69125D-07 -.28080D-06
   34   18 -.92954D-07 -.60044D-07
   34   19 -.13335D-06 0.52637D-06
   34   20 -.10092D-05 0.20801D-06
   34   21 -.18129D-06 0.56815D-07
   34   22 0.10830D-06 -.54001D-06
   34   23 -.35666D-07 0.57030D-07
   34   24 -.67883D-06 0.55269D-07
   34   25 -.18674D-06 -.56932D-07
   34   26 0.58039D-06 -.15814D-06
   34   27 -.73338D-06 -.29660D-06
   34   28 0.20873D-06 0.12950D-06
   34   29 -.10839D-05 -.40857D-06
   34   30 0.13005D-05 -.17538D-06
   34   31 -.12945D-05 -.79377D-07
   34   32 0.10250D-05 -.44638D-06
   34   33 -.20311D-05 0.55860D-06
   34   34 0.14221D-06 -.14045D-05
   35  -35 -.23285D-07 0.18426D-05
   35  -34 0.10001D-05 0.10982D-05
   35  -33 0.52725D-06 0.17009D-05
   35  -32 0.73160D-06 0.98294D-06
   35  -31 0.11259D-05 0.11316D-05
   35  -30 0.65158D-06 0.55697D-06
   35  -29 0.26988D-06 0.70350D-06
   35  -28 0.56611D-06 0.10055D-06
   35  -27 0.75596D-06 0.26973D-06
   35  -26 0.18678D-07 -.88411D-07
   35  -25 -.53049D-06 0.64694D-07
   35  -24 -.15325D-06 -.18390D-06
   35  -23 0.29919D-06 0.33882D-06
   35  -22 0.20002D-07 -.50100D-06
   35  -21 -.10052D-05 -.20167D-06
   35  -20 -.18561D-07 -.28036D-06
   35  -19 0.55283D-07 0.32686D-06
   35  -18 0.19223D-06 -.75601D-06
   35  -17 -.84464D-06 -.43421D-06
   35  -16 0.24708D-06 -.13903D-07
   35  -15 -.11428D-06 -.55953D-07
   35  -14 0.17113D-06 -.32140D-06
   35  -13 0.31835D-06 -.33088D-06
   35  -12 0.90993D-06 0.87686D-07
   35  -11 -.65024D-08 -.92888D-06
   35  -10 -.14505D-06 -.16646D-06
   35   -9 0.54593D-06 -.21944D-06
   35   -8 0.28143D-06 0.69412D-07
   35   -7 0.11306D-05 -.40885D-06
   35   -6 -.70287D-06 -.32299D-06
   35   -5 -.17730D-06 -.30714D-06
   35   -4 0.26721D-06 0.49752D-06
   35   -3 0.18735D-06 -.24835D-06
   35   -2 -.20299D-06 -.38460D-06
   35   -1 0.42671D-06 -.11120D-06
   35    0 -.60098D-08 0.00000D+00
   35    1 -.42671D-06 -.11120D-06
   35    2 -.20299D-06 0.38460D-06
   35    3 -.18735D-06 -.24835D-06
   35    4 0.26721D-06 -.49752D-06
   35    5 0.17730D-06 -.30714D-06
   35    6 -.70287D-06 0.32299D-06
   35    7 -.11306D-05 -.40885D-06
   35    8 0.28143D-06 -.69412D-07
   35    9 -.54593D-06 -.21944D-06
   35   10 -.14505D-06 0.16646D-06
   35   11 0.65024D-08 -.92888D-06
   35   12 0.90993D-06 -.87686D-07
   35   13 -.31835D-06 -.33088D-06
   35   14 0.17113D-06 0.32140D-06
   35   15 0.11428D-06 -.55953D-07
   35   16 0.24708D-06 0.13903D-07
   35   17 0.84464D-06 -.43421D-06
   35   18 0.19223D-06 0.75601D-06
   35   19 -.55283D-07 0.32686D-06
   35   20 -.18561D-07 0.28036D-06
   35   21 0.10052D-05 -.20167D-06
   35   22 0.20002D-07 0.50100D-06
   35   23 -.29919D-06 0.33882D-06
   35   24 -.15325D-06 0.18390D-06
   35   25 0.53049D-06 0.64694D-07
   35   26 0.18678D-07 0.88411D-07
   35   27 -.75596D-06 0.26973D-06
   35   28 0.56611D-06 -.10055D-06
   35   29 -.26988D-06 0.70350D-06
   35   30 0.65158D-06 -.55697D-06
   35   31 -.11259D-05 0.11316D-05
   35   32 0.73160D-06 -.98294D-06
   35   33 -.52725D-06 0.17009D-05
   35   34 0.10001D-05 -.10982D-05
   35   35 0.23285D-07 0.18426D-05
   36  -36 -.10663D-06 0.13724D-05
   36  -35 -.37150D-06 0.10186D-05
   36  -34 -.33063D-06 0.20813D-05
   36  -33 -.28710D-06 0.14489D-05
   36  -32 0.31996D-06 0.13908D-05
   36  -31 -.21364D-06 0.11531D-05
   36  -30 -.15156D-06 0.11763D-05
   36  -29 0.17402D-06 0.43177D-06
   36  -28 0.53794D-06 0.19513D-06
   36  -27 -.13164D-06 0.65895D-07
   36  -26 -.46325D-06 0.21131D-06
   36  -25 -.65297D-07 -.32919D-06
   36  -24 0.36842D-06 0.17993D-06
   36  -23 0.15004D-06 -.57430D-06
   36  -22 -.61999D-06 -.40577D-06
   36  -21 -.21432D-06 -.50498D-06
   36  -20 0.35035D-06 0.34163D-06
   36  -19 0.35809D-06 -.84837D-06
   36  -18 -.63851D-06 -.48838D-06
   36  -17 0.71677D-07 -.15476D-06
   36  -16 0.24636D-06 0.18861D-07
   36  -15 0.17028D-06 -.60799D-06
   36  -14 0.14888D-07 -.23436D-06
   36  -13 0.47146D-07 0.24138D-06
   36  -12 -.29019D-06 -.55997D-07
   36  -11 -.87267D-07 -.14922D-06
   36  -10 -.95631D-07 -.52477D-06
   36   -9 -.15185D-06 0.44964D-06
   36   -8 0.58681D-06 -.54164D-06
   36   -7 -.86841D-06 0.86244D-06
   36   -6 -.30861D-06 0.14128D-06
   36   -5 -.11236D-05 -.71807D-06
   36   -4 -.54768D-07 -.28765D-07
   36   -3 -.15989D-07 0.14667D-05
   36   -2 0.33481D-06 -.84797D-07
   36   -1 -.67167D-06 -.34776D-07
   36    0 -.80537D-06 0.00000D+00
   36    1 0.67167D-06 -.34776D-07
   36    2 0.33481D-06 0.84797D-07
   36    3 0.15989D-07 0.14667D-05
   36    4 -.54768D-07 0.28765D-07
   36    5 0.11236D-05 -.71807D-06
   36    6 -.30861D-06 -.14128D-06
   36    7 0.86841D-06 0.86244D-06
   36    8 0.58681D-06 0.54164D-06
   36    9 0.15185D-06 0.44964D-06
   36   10 -.95631D-07 0.52477D-06
   36   11 0.87267D-07 -.14922D-06
   36   12 -.29019D-06 0.55997D-07
   36   13 -.47146D-07 0.24138D-06
   36   14 0.14888D-07 0.23436D-06
   36   15 -.17028D-06 -.60799D-06
   36   16 0.24636D-06 -.18861D-07
   36   17 -.71677D-07 -.15476D-06
   36   18 -.63851D-06 0.48838D-06
   36   19 -.35809D-06 -.84837D-06
   36   20 0.35035D-06 -.34163D-06
   36   21 0.21432D-06 -.50498D-06
   36   22 -.61999D-06 0.40577D-06
   36   23 -.15004D-06 -.57430D-06
   36   24 0.36842D-06 -.17993D-06
   36   25 0.65297D-07 -.32919D-06
   36   26 -.46325D-06 -.21131D-06
   36   27 0.13164D-06 0.65895D-07
   36   28 0.53794D-06 -.19513D-06
   36   29 -.17402D-06 0.43177D-06
   36   30 -.15156D-06 -.11763D-05
   36   31 0.21364D-06 0.11531D-05
   36   32 0.31996D-06 -.13908D-05
   36   33 0.28710D-06 0.14489D-05
   36   34 -.33063D-06 -.20813D-05
   36   35 0.37150D-06 0.10186D-05
   36   36 -.10663D-06 -.13724D-05
