    0   36
    0    0 -.32521D-05 0.00000D+00
    1   -1 0.53642D-05 0.38028D-05
    1    0 0.11744D-04 0.00000D+00
    1    1 -.53642D-05 0.38028D-05
    2   -2 -.13887D-03 -.36634D-03
    2   -1 -.30878D-04 0.56250D-03
    2    0 -.21893D-02 0.00000D+00
    2    1 0.30878D-04 0.56250D-03
    2    2 -.13887D-03 0.36634D-03
    3   -3 0.56778D-03 -.27891D-03
    3   -2 0.51898D-03 -.13405D-03
    3   -1 0.12913D-03 -.95783D-03
    3    0 -.12632D-02 0.00000D+00
    3    1 -.12913D-03 -.95783D-03
    3    2 0.51898D-03 0.13405D-03
    3    3 -.56778D-03 -.27891D-03
    4   -4 0.68267D-04 -.51034D-03
    4   -3 -.38398D-03 0.11579D-03
    4   -2 0.74366D-04 -.25882D-03
    4   -1 0.22288D-03 0.10482D-03
    4    0 0.62318D-03 0.00000D+00
    4    1 -.22288D-03 0.10482D-03
    4    2 0.74366D-04 0.25882D-03
    4    3 0.38398D-03 0.11579D-03
    4    4 0.68267D-04 0.51034D-03
    5   -5 -.17208D-03 -.39996D-03
    5   -4 0.12489D-03 0.31211D-03
    5   -3 -.28886D-03 -.20760D-03
    5   -2 -.58842D-06 -.94898D-04
    5   -1 0.93742D-04 0.24008D-03
    5    0 0.10653D-02 0.00000D+00
    5    1 -.93742D-04 0.24008D-03
    5    2 -.58842D-06 0.94898D-04
    5    3 0.28886D-03 -.20760D-03
    5    4 0.12489D-03 -.31211D-03
    5    5 0.17208D-03 -.39996D-03
    6   -6 -.27902D-03 -.22812D-03
    6   -5 0.31231D-03 0.19228D-04
    6   -4 -.16256D-03 -.11177D-03
    6   -3 -.73825D-04 -.11767D-03
    6   -2 -.26585D-03 0.16041D-04
    6   -1 -.59378D-04 -.16923D-03
    6    0 -.32491D-04 0.00000D+00
    6    1 0.59378D-04 -.16923D-03
    6    2 -.26585D-03 -.16041D-04
    6    3 0.73825D-04 -.11767D-03
    6    4 -.16256D-03 0.11177D-03
    6    5 -.31231D-03 0.19228D-04
    6    6 -.27902D-03 0.22812D-03
    7   -7 -.23548D-03 0.96066D-04
    7   -6 0.17428D-03 -.20311D-03
    7   -5 -.37315D-04 0.81599D-04
    7   -4 0.24826D-04 0.90096D-05
    7   -3 0.19253D-03 -.39648D-04
    7   -2 0.97915D-04 0.11891D-03
    7   -1 0.96620D-04 -.18207D-03
    7    0 -.45056D-03 0.00000D+00
    7    1 -.96620D-04 -.18207D-03
    7    2 0.97915D-04 -.11891D-03
    7    3 -.19253D-03 -.39648D-04
    7    4 0.24826D-04 -.90096D-05
    7    5 0.37315D-04 0.81599D-04
    7    6 0.17428D-03 0.20311D-03
    7    7 0.23548D-03 0.96066D-04
    8   -8 0.74641D-04 -.10270D-03
    8   -7 -.78607D-05 0.10568D-03
    8   -6 -.31824D-04 0.42030D-04
    8   -5 0.48856D-04 -.15478D-03
    8   -4 -.65158D-04 -.72832D-04
    8   -3 0.16272D-03 -.10208D-03
    8   -2 0.13350D-03 -.96778D-04
    8   -1 0.46139D-04 -.13657D-03
    8    0 -.17414D-03 0.00000D+00
    8    1 -.46139D-04 -.13657D-03
    8    2 0.13350D-03 0.96778D-04
    8    3 -.16272D-03 -.10208D-03
    8    4 -.65158D-04 0.72832D-04
    8    5 -.48856D-04 -.15478D-03
    8    6 -.31824D-04 -.42030D-04
    8    7 0.78607D-05 0.10568D-03
    8    8 0.74641D-04 0.10270D-03
    9   -9 0.53761D-04 0.11099D-03
    9   -8 0.84585D-04 -.68880D-04
    9   -7 0.13063D-04 0.15642D-03
    9   -6 -.16339D-03 -.68947D-06
    9   -5 -.11763D-03 0.73801D-04
    9   -4 -.72281D-04 -.29014D-04
    9   -3 -.21194D-03 0.12677D-03
    9   -2 -.21431D-04 -.16928D-04
    9   -1 0.49406D-05 0.21064D-03
    9    0 0.38498D-03 0.00000D+00
    9    1 -.49406D-05 0.21064D-03
    9    2 -.21431D-04 0.16928D-04
    9    3 0.21194D-03 0.12677D-03
    9    4 -.72281D-04 0.29014D-04
    9    5 0.11763D-03 0.73801D-04
    9    6 -.16339D-03 0.68947D-06
    9    7 -.13063D-04 0.15642D-03
    9    8 0.84585D-04 0.68880D-04
    9    9 -.53761D-04 0.11099D-03
   10  -10 -.72494D-04 0.77254D-04
   10   -9 0.13414D-03 0.50249D-04
   10   -8 0.50750D-04 0.61937D-04
   10   -7 -.75209D-04 0.44199D-04
   10   -6 0.15450D-03 0.15170D-03
   10   -5 0.43747D-05 -.18631D-04
   10   -4 0.52395D-04 0.49306D-04
   10   -3 0.12901D-05 0.60430D-04
   10   -2 -.74877D-04 0.12676D-05
   10   -1 0.35719D-05 -.60952D-04
   10    0 0.10220D-03 0.00000D+00
   10    1 -.35719D-05 -.60952D-04
   10    2 -.74877D-04 -.12676D-05
   10    3 -.12901D-05 0.60430D-04
   10    4 0.52395D-04 -.49306D-04
   10    5 -.43747D-05 -.18631D-04
   10    6 0.15450D-03 -.15170D-03
   10    7 0.75209D-04 0.44199D-04
   10    8 0.50750D-04 -.61937D-04
   10    9 -.13414D-03 0.50249D-04
   10   10 -.72494D-04 -.77254D-04
   11  -11 0.35949D-04 0.18745D-03
   11  -10 0.50261D-04 -.44897D-04
   11   -9 -.17831D-04 -.86114D-05
   11   -8 0.15716D-04 0.87147D-05
   11   -7 -.79595D-05 -.20350D-03
   11   -6 -.73693D-04 -.98350D-04
   11   -5 0.64206D-04 -.35803D-04
   11   -4 0.32621D-04 0.46372D-04
   11   -3 0.11352D-03 -.95027D-04
   11   -2 -.83883D-04 -.82859D-04
   11   -1 -.65059D-05 -.28329D-04
   11    0 -.10115D-03 0.00000D+00
   11    1 0.65059D-05 -.28329D-04
   11    2 -.83883D-04 0.82859D-04
   11    3 -.11352D-03 -.95027D-04
   11    4 0.32621D-04 -.46372D-04
   11    5 -.64206D-04 -.35803D-04
   11    6 -.73693D-04 0.98350D-04
   11    7 0.79595D-05 -.20350D-03
   11    8 0.15716D-04 -.87147D-05
   11    9 0.17831D-04 -.86114D-05
   11   10 0.50261D-04 0.44897D-04
   11   11 -.35949D-04 0.18745D-03
   12  -12 0.19448D-03 0.25209D-04
   12  -11 0.82897D-04 0.96006D-04
   12  -10 0.38643D-04 0.26398D-05
   12   -9 -.68833D-04 -.19159D-04
   12   -8 -.11669D-03 0.57286D-04
   12   -7 -.29796D-04 -.24262D-04
   12   -6 -.26264D-04 -.40844D-05
   12   -5 0.86615D-04 0.57737D-04
   12   -4 -.70053D-04 -.93021D-05
   12   -3 0.15841D-04 -.25853D-04
   12   -2 0.83420D-04 -.34154D-04
   12   -1 -.80224D-04 0.12064D-04
   12    0 -.33824D-04 0.00000D+00
   12    1 0.80224D-04 0.12064D-04
   12    2 0.83420D-04 0.34154D-04
   12    3 -.15841D-04 -.25853D-04
   12    4 -.70053D-04 0.93021D-05
   12    5 -.86615D-04 0.57737D-04
   12    6 -.26264D-04 0.40844D-05
   12    7 0.29796D-04 -.24262D-04
   12    8 -.11669D-03 -.57286D-04
   12    9 0.68833D-04 -.19159D-04
   12   10 0.38643D-04 -.26398D-05
   12   11 -.82897D-04 0.96006D-04
   12   12 0.19448D-03 -.25209D-04
   13  -13 -.29463D-04 -.18430D-04
   13  -12 0.12325D-03 -.65357D-04
   13  -11 0.32681D-04 0.85394D-04
   13  -10 -.37005D-04 0.10340D-04
   13   -9 0.33994D-04 0.10027D-04
   13   -8 -.60045D-04 -.44528D-05
   13   -7 0.44278D-04 0.42839D-04
   13   -6 0.74581D-04 -.38815D-04
   13   -5 -.60169D-04 0.94801D-04
   13   -4 0.39432D-04 -.64637D-05
   13   -3 -.10814D-03 -.99286D-05
   13   -2 0.46612D-04 -.25814D-04
   13   -1 -.22118D-04 0.10714D-03
   13    0 -.59081D-04 0.00000D+00
   13    1 0.22118D-04 0.10714D-03
   13    2 0.46612D-04 0.25814D-04
   13    3 0.10814D-03 -.99286D-05
   13    4 0.39432D-04 0.64637D-05
   13    5 0.60169D-04 0.94801D-04
   13    6 0.74581D-04 0.38815D-04
   13    7 -.44278D-04 0.42839D-04
   13    8 -.60045D-04 0.44528D-05
   13    9 -.33994D-04 0.10027D-04
   13   10 -.37005D-04 -.10340D-04
   13   11 -.32681D-04 0.85394D-04
   13   12 0.12325D-03 0.65357D-04
   13   13 0.29463D-04 -.18430D-04
   14  -14 0.19245D-04 -.16817D-04
   14  -13 -.82903D-04 -.96305D-04
   14  -12 0.59777D-04 -.44297D-04
   14  -11 -.57654D-04 -.21675D-04
   14  -10 -.72135D-05 -.19590D-04
   14   -9 -.59141D-04 0.10123D-04
   14   -8 -.34214D-04 -.17499D-04
   14   -7 -.23214D-05 -.15213D-04
   14   -6 0.21492D-04 0.10849D-03
   14   -5 0.26675D-04 -.37369D-04
   14   -4 -.30841D-04 0.27199D-04
   14   -3 -.43477D-04 0.23663D-05
   14   -2 0.19602D-04 -.60856D-05
   14   -1 0.19736D-04 -.51239D-06
   14    0 0.80542D-04 0.00000D+00
   14    1 -.19736D-04 -.51239D-06
   14    2 0.19602D-04 0.60856D-05
   14    3 0.43477D-04 0.23663D-05
   14    4 -.30841D-04 -.27199D-04
   14    5 -.26675D-04 -.37369D-04
   14    6 0.21492D-04 -.10849D-03
   14    7 0.23214D-05 -.15213D-04
   14    8 -.34214D-04 0.17499D-04
   14    9 0.59141D-04 0.10123D-04
   14   10 -.72135D-05 0.19590D-04
   14   11 0.57654D-04 -.21675D-04
   14   12 0.59777D-04 0.44297D-04
   14   13 0.82903D-04 -.96305D-04
   14   14 0.19245D-04 0.16817D-04
   15  -15 -.83459D-04 0.92424D-05
   15  -14 -.60895D-04 0.12991D-04
   15  -13 -.67739D-04 -.80016D-04
   15  -12 -.57018D-04 0.77676D-04
   15  -11 -.15733D-04 -.56127D-04
   15  -10 0.52086D-04 0.82930D-04
   15   -9 -.21547D-04 0.16073D-04
   15   -8 0.58738D-05 -.13258D-04
   15   -7 0.53142D-04 0.90792D-05
   15   -6 -.31653D-04 -.42397D-04
   15   -5 0.92412D-05 -.18944D-04
   15   -4 -.34433D-04 -.22275D-04
   15   -3 0.48580D-04 -.27386D-04
   15   -2 -.48166D-04 0.98227D-06
   15   -1 0.13694D-04 -.10021D-03
   15    0 -.46463D-04 0.00000D+00
   15    1 -.13694D-04 -.10021D-03
   15    2 -.48166D-04 -.98227D-06
   15    3 -.48580D-04 -.27386D-04
   15    4 -.34433D-04 0.22275D-04
   15    5 -.92412D-05 -.18944D-04
   15    6 -.31653D-04 0.42397D-04
   15    7 -.53142D-04 0.90792D-05
   15    8 0.58738D-05 0.13258D-04
   15    9 0.21547D-04 0.16073D-04
   15   10 0.52086D-04 -.82930D-04
   15   11 0.15733D-04 -.56127D-04
   15   12 -.57018D-04 -.77676D-04
   15   13 0.67739D-04 -.80016D-04
   15   14 -.60895D-04 -.12991D-04
   15   15 0.83459D-04 0.92424D-05
   16  -16 -.89526D-05 0.41585D-04
   16  -15 -.64350D-04 -.19089D-04
   16  -14 -.66422D-04 0.37580D-05
   16  -13 0.44872D-04 0.85299D-05
   16  -12 -.23965D-04 0.15264D-04
   16  -11 0.33406D-04 -.35992D-04
   16  -10 0.43470D-04 0.29753D-05
   16   -9 -.15651D-04 0.14851D-04
   16   -8 0.47393D-04 -.42411D-05
   16   -7 -.14592D-04 0.44487D-04
   16   -6 0.91228D-05 -.65238D-05
   16   -5 -.62604D-04 -.15783D-04
   16   -4 0.26405D-04 -.13168D-04
   16   -3 0.59744D-04 -.11999D-04
   16   -2 -.36595D-04 0.62782D-04
   16   -1 -.95968D-05 0.43155D-04
   16    0 0.24907D-05 0.00000D+00
   16    1 0.95968D-05 0.43155D-04
   16    2 -.36595D-04 -.62782D-04
   16    3 -.59744D-04 -.11999D-04
   16    4 0.26405D-04 0.13168D-04
   16    5 0.62604D-04 -.15783D-04
   16    6 0.91228D-05 0.65238D-05
   16    7 0.14592D-04 0.44487D-04
   16    8 0.47393D-04 0.42411D-05
   16    9 0.15651D-04 0.14851D-04
   16   10 0.43470D-04 -.29753D-05
   16   11 -.33406D-04 -.35992D-04
   16   12 -.23965D-04 -.15264D-04
   16   13 -.44872D-04 0.85299D-05
   16   14 -.66422D-04 -.37580D-05
   16   15 0.64350D-04 -.19089D-04
   16   16 -.89526D-05 -.41585D-04
   17  -17 -.82524D-06 -.39442D-05
   17  -16 0.32968D-05 -.69324D-05
   17  -15 0.35437D-07 -.67056D-05
   17  -14 -.32777D-05 -.42900D-06
   17  -13 -.32444D-06 -.45347D-06
   17  -12 -.29346D-06 0.14586D-05
   17  -11 0.29213D-06 -.33611D-06
   17  -10 -.22389D-05 0.85455D-06
   17   -9 0.20070D-06 0.28040D-05
   17   -8 0.33693D-06 0.16447D-05
   17   -7 0.61707D-06 0.22810D-05
   17   -6 0.98899D-07 0.85294D-06
   17   -5 -.22032D-05 0.10725D-06
   17   -4 -.12111D-06 0.40607D-07
   17   -3 0.22403D-05 -.10741D-05
   17   -2 -.63890D-06 0.20302D-05
   17   -1 -.16611D-05 0.15145D-05
   17    0 0.12428D-05 0.00000D+00
   17    1 0.16611D-05 0.15145D-05
   17    2 -.63890D-06 -.20302D-05
   17    3 -.22403D-05 -.10741D-05
   17    4 -.12111D-06 -.40607D-07
   17    5 0.22032D-05 0.10725D-06
   17    6 0.98899D-07 -.85294D-06
   17    7 -.61707D-06 0.22810D-05
   17    8 0.33693D-06 -.16447D-05
   17    9 -.20070D-06 0.28040D-05
   17   10 -.22389D-05 -.85455D-06
   17   11 -.29213D-06 -.33611D-06
   17   12 -.29346D-06 -.14586D-05
   17   13 0.32444D-06 -.45347D-06
   17   14 -.32777D-05 0.42900D-06
   17   15 -.35437D-07 -.67056D-05
   17   16 0.32968D-05 0.69324D-05
   17   17 0.82524D-06 -.39442D-05
   18  -18 -.21522D-05 -.18011D-05
   18  -17 0.12816D-05 -.36784D-05
   18  -16 -.64428D-06 -.37581D-05
   18  -15 -.13921D-05 0.60658D-06
   18  -14 -.11437D-06 -.20300D-06
   18  -13 0.76176D-06 0.13379D-05
   18  -12 0.10797D-06 0.24421D-06
   18  -11 0.33567D-06 0.10238D-05
   18  -10 0.16796D-05 0.84282D-06
   18   -9 0.79227D-06 -.11396D-05
   18   -8 0.15076D-06 0.42007D-06
   18   -7 0.71821D-06 -.10913D-05
   18   -6 0.87632D-06 0.10881D-05
   18   -5 0.98882D-06 -.84605D-06
   18   -4 -.15079D-05 -.94801D-06
   18   -3 0.23886D-05 -.81016D-06
   18   -2 0.16821D-05 -.10682D-05
   18   -1 -.70893D-06 0.15853D-05
   18    0 0.10994D-05 0.00000D+00
   18    1 0.70893D-06 0.15853D-05
   18    2 0.16821D-05 0.10682D-05
   18    3 -.23886D-05 -.81016D-06
   18    4 -.15079D-05 0.94801D-06
   18    5 -.98882D-06 -.84605D-06
   18    6 0.87632D-06 -.10881D-05
   18    7 -.71821D-06 -.10913D-05
   18    8 0.15076D-06 -.42007D-06
   18    9 -.79227D-06 -.11396D-05
   18   10 0.16796D-05 -.84282D-06
   18   11 -.33567D-06 0.10238D-05
   18   12 0.10797D-06 -.24421D-06
   18   13 -.76176D-06 0.13379D-05
   18   14 -.11437D-06 0.20300D-06
   18   15 0.13921D-05 0.60658D-06
   18   16 -.64428D-06 0.37581D-05
   18   17 -.12816D-05 -.36784D-05
   18   18 -.21522D-05 0.18011D-05
   19  -19 -.21686D-05 0.30930D-06
   19  -18 -.40662D-06 -.94291D-07
   19  -17 -.74996D-06 -.51736D-06
   19  -16 0.14325D-07 0.10990D-05
   19  -15 0.15328D-06 0.26817D-06
   19  -14 0.11804D-05 0.65074D-06
   19  -13 -.40977D-07 -.61341D-07
   19  -12 -.89333D-06 -.40780D-06
   19  -11 -.53410D-06 0.11934D-06
   19  -10 -.11469D-05 0.26377D-06
   19   -9 -.30766D-06 0.49285D-06
   19   -8 -.35906D-06 -.83465D-06
   19   -7 -.18274D-05 -.50326D-06
   19   -6 -.24253D-06 0.22451D-06
   19   -5 0.33238D-06 -.85641D-06
   19   -4 -.71826D-06 -.13166D-06
   19   -3 -.17007D-06 -.31854D-06
   19   -2 -.82877D-07 -.77577D-06
   19   -1 0.82831D-07 -.80650D-07
   19    0 -.12055D-05 0.00000D+00
   19    1 -.82831D-07 -.80650D-07
   19    2 -.82877D-07 0.77577D-06
   19    3 0.17007D-06 -.31854D-06
   19    4 -.71826D-06 0.13166D-06
   19    5 -.33238D-06 -.85641D-06
   19    6 -.24253D-06 -.22451D-06
   19    7 0.18274D-05 -.50326D-06
   19    8 -.35906D-06 0.83465D-06
   19    9 0.30766D-06 0.49285D-06
   19   10 -.11469D-05 -.26377D-06
   19   11 0.53410D-06 0.11934D-06
   19   12 -.89333D-06 0.40780D-06
   19   13 0.40977D-07 -.61341D-07
   19   14 0.11804D-05 -.65074D-06
   19   15 -.15328D-06 0.26817D-06
   19   16 0.14325D-07 -.10990D-05
   19   17 0.74996D-06 -.51736D-06
   19   18 -.40662D-06 0.94291D-07
   19   19 0.21686D-05 0.30930D-06
   20  -20 -.10581D-05 0.14530D-05
   20  -19 -.11571D-05 0.21919D-05
   20  -18 -.45855D-06 0.15713D-05
   20  -17 0.44960D-06 0.10303D-05
   20  -16 0.26391D-06 0.82826D-06
   20  -15 0.10776D-05 0.14889D-06
   20  -14 -.20346D-06 -.67267D-07
   20  -13 -.97583D-06 -.25376D-06
   20  -12 -.23049D-06 0.64236D-06
   20  -11 0.67665D-06 0.24957D-06
   20  -10 0.22170D-06 -.46231D-06
   20   -9 -.43070D-06 0.24187D-06
   20   -8 0.86685D-06 0.11950D-05
   20   -7 0.77317D-06 0.36053D-07
   20   -6 0.84556D-07 0.66897D-06
   20   -5 0.93711D-06 0.10922D-05
   20   -4 -.56698D-07 0.83321D-06
   20   -3 0.27715D-06 0.81615D-06
   20   -2 0.62417D-06 -.88432D-07
   20   -1 0.44083D-06 0.65604D-07
   20    0 -.11023D-05 0.00000D+00
   20    1 -.44083D-06 0.65604D-07
   20    2 0.62417D-06 0.88432D-07
   20    3 -.27715D-06 0.81615D-06
   20    4 -.56698D-07 -.83321D-06
   20    5 -.93711D-06 0.10922D-05
   20    6 0.84556D-07 -.66897D-06
   20    7 -.77317D-06 0.36053D-07
   20    8 0.86685D-06 -.11950D-05
   20    9 0.43070D-06 0.24187D-06
   20   10 0.22170D-06 0.46231D-06
   20   11 -.67665D-06 0.24957D-06
   20   12 -.23049D-06 -.64236D-06
   20   13 0.97583D-06 -.25376D-06
   20   14 -.20346D-06 0.67267D-07
   20   15 -.10776D-05 0.14889D-06
   20   16 0.26391D-06 -.82826D-06
   20   17 -.44960D-06 0.10303D-05
   20   18 -.45855D-06 -.15713D-05
   20   19 0.11571D-05 0.21919D-05
   20   20 -.10581D-05 -.14530D-05
   21  -21 0.37505D-06 0.13899D-05
   21  -20 -.90251D-06 0.24780D-05
   21  -19 -.45661D-07 0.19117D-05
   21  -18 0.89109D-07 0.55777D-06
   21  -17 0.22385D-06 0.11103D-05
   21  -16 0.58476D-06 -.16677D-06
   21  -15 -.96780D-07 -.24403D-07
   21  -14 -.10314D-05 -.49707D-06
   21  -13 0.42057D-07 -.13875D-07
   21  -12 0.12426D-06 -.68358D-06
   21  -11 -.47665D-06 -.10387D-05
   21  -10 -.15734D-06 -.24683D-06
   21   -9 0.93312D-07 -.73003D-06
   21   -8 -.86777D-07 -.76978D-06
   21   -7 0.11981D-06 -.47943D-06
   21   -6 0.13738D-06 -.76790D-06
   21   -5 0.54783D-06 0.70417D-07
   21   -4 0.19054D-06 -.29192D-06
   21   -3 -.64729D-06 -.50476D-06
   21   -2 0.25207D-06 -.42313D-06
   21   -1 0.56536D-06 -.63937D-06
   21    0 -.12297D-06 0.00000D+00
   21    1 -.56536D-06 -.63937D-06
   21    2 0.25207D-06 0.42313D-06
   21    3 0.64729D-06 -.50476D-06
   21    4 0.19054D-06 0.29192D-06
   21    5 -.54783D-06 0.70417D-07
   21    6 0.13738D-06 0.76790D-06
   21    7 -.11981D-06 -.47943D-06
   21    8 -.86777D-07 0.76978D-06
   21    9 -.93312D-07 -.73003D-06
   21   10 -.15734D-06 0.24683D-06
   21   11 0.47665D-06 -.10387D-05
   21   12 0.12426D-06 0.68358D-06
   21   13 -.42057D-07 -.13875D-07
   21   14 -.10314D-05 0.49707D-06
   21   15 0.96780D-07 -.24403D-07
   21   16 0.58476D-06 0.16677D-06
   21   17 -.22385D-06 0.11103D-05
   21   18 0.89109D-07 -.55777D-06
   21   19 0.45661D-07 0.19117D-05
   21   20 -.90251D-06 -.24780D-05
   21   21 -.37505D-06 0.13899D-05
   22  -22 0.12701D-05 0.52221D-06
   22  -21 -.80501D-07 0.11687D-05
   22  -20 0.23121D-06 0.89168D-06
   22  -19 -.52335D-06 -.83494D-07
   22  -18 0.89223D-07 0.89871D-06
   22  -17 -.24067D-07 -.31032D-06
   22  -16 -.53117D-07 0.19751D-07
   22  -15 -.77734D-06 -.27909D-06
   22  -14 -.46604D-08 -.30985D-06
   22  -13 0.38980D-06 0.42339D-07
   22  -12 -.77171D-08 -.48710D-06
   22  -11 -.30300D-06 -.34135D-07
   22  -10 -.24669D-06 0.22445D-06
   22   -9 -.47201D-06 0.12453D-05
   22   -8 0.56127D-06 0.35038D-06
   22   -7 -.86528D-06 0.20211D-06
   22   -6 -.88267D-06 0.40593D-06
   22   -5 -.40561D-06 0.66740D-07
   22   -4 -.24513D-06 0.18203D-06
   22   -3 -.81496D-06 0.30059D-06
   22   -2 -.12273D-05 0.37497D-06
   22   -1 0.17587D-06 -.44548D-06
   22    0 -.13678D-06 0.00000D+00
   22    1 -.17587D-06 -.44548D-06
   22    2 -.12273D-05 -.37497D-06
   22    3 0.81496D-06 0.30059D-06
   22    4 -.24513D-06 -.18203D-06
   22    5 0.40561D-06 0.66740D-07
   22    6 -.88267D-06 -.40593D-06
   22    7 0.86528D-06 0.20211D-06
   22    8 0.56127D-06 -.35038D-06
   22    9 0.47201D-06 0.12453D-05
   22   10 -.24669D-06 -.22445D-06
   22   11 0.30300D-06 -.34135D-07
   22   12 -.77171D-08 0.48710D-06
   22   13 -.38980D-06 0.42339D-07
   22   14 -.46604D-08 0.30985D-06
   22   15 0.77734D-06 -.27909D-06
   22   16 -.53117D-07 -.19751D-07
   22   17 0.24067D-07 -.31032D-06
   22   18 0.89223D-07 -.89871D-06
   22   19 0.52335D-06 -.83494D-07
   22   20 0.23121D-06 -.89168D-06
   22   21 0.80501D-07 0.11687D-05
   22   22 0.12701D-05 -.52221D-06
   23  -23 0.12054D-05 -.45083D-06
   23  -22 0.67072D-06 -.61836D-06
   23  -21 0.23618D-06 -.52702D-06
   23  -20 -.89827D-06 -.59887D-06
   23  -19 -.65100D-07 0.29692D-06
   23  -18 -.37932D-06 -.23132D-06
   23  -17 -.39624D-07 -.43264D-07
   23  -16 -.32793D-06 0.61856D-07
   23  -15 0.12275D-06 -.37645D-06
   23  -14 0.45119D-06 0.10247D-06
   23  -13 0.29318D-06 -.33363D-06
   23  -12 -.20410D-06 -.71102D-07
   23  -11 0.36729D-06 0.37647D-06
   23  -10 0.10505D-05 -.10599D-06
   23   -9 0.19177D-06 -.92819D-06
   23   -8 -.26920D-06 0.27674D-06
   23   -7 0.10077D-05 0.65530D-06
   23   -6 0.36861D-06 -.51583D-06
   23   -5 -.13513D-06 0.26633D-06
   23   -4 0.56738D-06 0.15413D-06
   23   -3 0.11807D-06 0.47054D-06
   23   -2 0.19694D-06 0.66354D-06
   23   -1 0.19167D-06 0.15059D-07
   23    0 0.72420D-06 0.00000D+00
   23    1 -.19167D-06 0.15059D-07
   23    2 0.19694D-06 -.66354D-06
   23    3 -.11807D-06 0.47054D-06
   23    4 0.56738D-06 -.15413D-06
   23    5 0.13513D-06 0.26633D-06
   23    6 0.36861D-06 0.51583D-06
   23    7 -.10077D-05 0.65530D-06
   23    8 -.26920D-06 -.27674D-06
   23    9 -.19177D-06 -.92819D-06
   23   10 0.10505D-05 0.10599D-06
   23   11 -.36729D-06 0.37647D-06
   23   12 -.20410D-06 0.71102D-07
   23   13 -.29318D-06 -.33363D-06
   23   14 0.45119D-06 -.10247D-06
   23   15 -.12275D-06 -.37645D-06
   23   16 -.32793D-06 -.61856D-07
   23   17 0.39624D-07 -.43264D-07
   23   18 -.37932D-06 0.23132D-06
   23   19 0.65100D-07 0.29692D-06
   23   20 -.89827D-06 0.59887D-06
   23   21 -.23618D-06 -.52702D-06
   23   22 0.67072D-06 0.61836D-06
   23   23 -.12054D-05 -.45083D-06
   24  -24 0.37001D-06 -.94961D-06
   24  -23 0.88936D-06 -.17494D-05
   24  -22 -.12291D-07 -.14210D-05
   24  -21 -.83393D-06 -.76833D-06
   24  -20 -.19084D-06 -.31908D-06
   24  -19 -.32232D-06 -.62650D-07
   24  -18 -.18000D-07 -.14508D-06
   24  -17 0.20864D-07 0.23463D-06
   24  -16 0.89328D-07 -.23692D-06
   24  -15 0.39594D-06 0.22376D-06
   24  -14 0.11451D-06 -.86299D-07
   24  -13 -.19952D-06 0.33158D-06
   24  -12 0.29010D-06 0.25625D-06
   24  -11 -.12236D-06 -.20355D-06
   24  -10 -.59292D-06 -.18325D-06
   24   -9 -.22056D-06 0.30305D-06
   24   -8 -.66557D-06 -.50088D-06
   24   -7 -.62181D-06 -.23012D-06
   24   -6 0.14563D-08 -.77375D-06
   24   -5 -.66271D-06 -.80405D-06
   24   -4 0.23007D-08 -.32713D-06
   24   -3 0.78184D-08 -.70529D-06
   24   -2 -.29691D-06 0.32978D-07
   24   -1 -.38716D-06 -.38429D-07
   24    0 0.33694D-06 0.00000D+00
   24    1 0.38716D-06 -.38429D-07
   24    2 -.29691D-06 -.32978D-07
   24    3 -.78184D-08 -.70529D-06
   24    4 0.23007D-08 0.32713D-06
   24    5 0.66271D-06 -.80405D-06
   24    6 0.14563D-08 0.77375D-06
   24    7 0.62181D-06 -.23012D-06
   24    8 -.66557D-06 0.50088D-06
   24    9 0.22056D-06 0.30305D-06
   24   10 -.59292D-06 0.18325D-06
   24   11 0.12236D-06 -.20355D-06
   24   12 0.29010D-06 -.25625D-06
   24   13 0.19952D-06 0.33158D-06
   24   14 0.11451D-06 0.86299D-07
   24   15 -.39594D-06 0.22376D-06
   24   16 0.89328D-07 0.23692D-06
   24   17 -.20864D-07 0.23463D-06
   24   18 -.18000D-07 0.14508D-06
   24   19 0.32232D-06 -.62650D-07
   24   20 -.19084D-06 0.31908D-06
   24   21 0.83393D-06 -.76833D-06
   24   22 -.12291D-07 0.14210D-05
   24   23 -.88936D-06 -.17494D-05
   24   24 0.37001D-06 0.94961D-06
   25  -25 -.63171D-06 -.78534D-06
   25  -24 0.51027D-06 -.16669D-05
   25  -23 -.36536D-06 -.13816D-05
   25  -22 -.47167D-06 -.53195D-06
   25  -21 -.25025D-06 -.60337D-06
   25  -20 -.49602D-07 0.12998D-06
   25  -19 0.23208D-07 -.16004D-06
   25  -18 0.28044D-06 0.37799D-06
   25  -17 0.26365D-08 -.13438D-06
   25  -16 0.32521D-06 0.24333D-06
   25  -15 0.30077D-08 0.17489D-06
   25  -14 -.50530D-07 0.27146D-06
   25  -13 0.19464D-06 0.31491D-06
   25  -12 0.48589D-06 0.23920D-06
   25  -11 0.25550D-07 0.14790D-06
   25  -10 0.23948D-06 -.38955D-07
   25   -9 -.95954D-07 0.41716D-06
   25   -8 0.14822D-06 0.59753D-06
   25   -7 0.15224D-06 0.71704D-07
   25   -6 -.10764D-06 0.82311D-06
   25   -5 -.19388D-06 0.28850D-06
   25   -4 0.34920D-07 0.10697D-06
   25   -3 0.51827D-06 0.47197D-06
   25   -2 -.40003D-06 0.88384D-07
   25   -1 -.63781D-06 0.41125D-06
   25    0 -.17368D-06 0.00000D+00
   25    1 0.63781D-06 0.41125D-06
   25    2 -.40003D-06 -.88384D-07
   25    3 -.51827D-06 0.47197D-06
   25    4 0.34920D-07 -.10697D-06
   25    5 0.19388D-06 0.28850D-06
   25    6 -.10764D-06 -.82311D-06
   25    7 -.15224D-06 0.71704D-07
   25    8 0.14822D-06 -.59753D-06
   25    9 0.95954D-07 0.41716D-06
   25   10 0.23948D-06 0.38955D-07
   25   11 -.25550D-07 0.14790D-06
   25   12 0.48589D-06 -.23920D-06
   25   13 -.19464D-06 0.31491D-06
   25   14 -.50530D-07 -.27146D-06
   25   15 -.30077D-08 0.17489D-06
   25   16 0.32521D-06 -.24333D-06
   25   17 -.26365D-08 -.13438D-06
   25   18 0.28044D-06 -.37799D-06
   25   19 -.23208D-07 -.16004D-06
   25   20 -.49602D-07 -.12998D-06
   25   21 0.25025D-06 -.60337D-06
   25   22 -.47167D-06 0.53195D-06
   25   23 0.36536D-06 -.13816D-05
   25   24 0.51027D-06 0.16669D-05
   25   25 0.63171D-06 -.78534D-06
   26  -26 -.11820D-05 -.17755D-06
   26  -25 -.16432D-06 -.58822D-06
   26  -24 -.63661D-06 -.61712D-06
   26  -23 -.10005D-06 -.39133D-07
   26  -22 -.26939D-06 -.42772D-06
   26  -21 0.17986D-06 0.26059D-06
   26  -20 0.33996D-07 0.38561D-07
   26  -19 0.49646D-06 0.33136D-06
   26  -18 -.35844D-07 -.12328D-06
   26  -17 -.15393D-07 -.60529D-07
   26  -16 -.99246D-07 0.40328D-06
   26  -15 -.46707D-09 0.83066D-07
   26  -14 0.22153D-07 -.27864D-07
   26  -13 0.11960D-06 0.21311D-08
   26  -12 -.29514D-06 -.18344D-06
   26  -11 -.33735D-06 -.32146D-06
   26  -10 0.54347D-07 0.19358D-06
   26   -9 0.64180D-06 -.62975D-06
   26   -8 -.45747D-06 -.87503D-06
   26   -7 0.55983D-06 0.10250D-06
   26   -6 0.80836D-06 -.20765D-06
   26   -5 0.54633D-06 -.34476D-06
   26   -4 0.32140D-06 -.21267D-06
   26   -3 0.25537D-06 -.11766D-06
   26   -2 0.83877D-06 -.19926D-06
   26   -1 0.13401D-07 0.34425D-06
   26    0 -.41064D-07 0.00000D+00
   26    1 -.13401D-07 0.34425D-06
   26    2 0.83877D-06 0.19926D-06
   26    3 -.25537D-06 -.11766D-06
   26    4 0.32140D-06 0.21267D-06
   26    5 -.54633D-06 -.34476D-06
   26    6 0.80836D-06 0.20765D-06
   26    7 -.55983D-06 0.10250D-06
   26    8 -.45747D-06 0.87503D-06
   26    9 -.64180D-06 -.62975D-06
   26   10 0.54347D-07 -.19358D-06
   26   11 0.33735D-06 -.32146D-06
   26   12 -.29514D-06 0.18344D-06
   26   13 -.11960D-06 0.21311D-08
   26   14 0.22153D-07 0.27864D-07
   26   15 0.46707D-09 0.83066D-07
   26   16 -.99246D-07 -.40328D-06
   26   17 0.15393D-07 -.60529D-07
   26   18 -.35844D-07 0.12328D-06
   26   19 -.49646D-06 0.33136D-06
   26   20 0.33996D-07 -.38561D-07
   26   21 -.17986D-06 0.26059D-06
   26   22 -.26939D-06 0.42772D-06
   26   23 0.10005D-06 -.39133D-07
   26   24 -.63661D-06 0.61712D-06
   26   25 0.16432D-06 -.58822D-06
   26   26 -.11820D-05 0.17755D-06
   27  -27 -.10054D-05 0.44499D-06
   27  -26 -.69900D-06 0.74033D-06
   27  -25 -.69924D-06 0.29301D-06
   27  -24 0.39361D-07 0.44060D-06
   27  -23 -.27372D-06 0.31007D-07
   27  -22 0.12357D-06 0.31262D-06
   27  -21 0.49103D-07 0.33793D-06
   27  -20 0.49647D-06 0.20473D-06
   27  -19 -.57374D-08 -.17045D-06
   27  -18 -.38090D-06 -.16126D-06
   27  -17 -.13443D-06 0.40661D-06
   27  -16 0.22521D-06 0.11161D-07
   27  -15 -.18372D-06 -.33575D-06
   27  -14 0.16844D-07 -.10971D-06
   27  -13 -.40482D-06 0.18798D-06
   27  -12 0.37896D-07 0.18174D-06
   27  -11 0.17078D-06 0.20369D-06
   27  -10 -.27976D-06 0.16613D-06
   27   -9 -.25751D-06 0.16945D-06
   27   -8 0.91041D-07 0.14544D-06
   27   -7 -.75385D-06 0.36717D-07
   27   -6 -.14414D-06 0.20279D-06
   27   -5 0.90408D-07 -.29525D-06
   27   -4 -.77371D-06 0.57909D-07
   27   -3 -.16044D-06 -.46604D-06
   27   -2 -.20006D-08 -.55288D-06
   27   -1 0.72317D-07 -.68261D-07
   27    0 -.92048D-06 0.00000D+00
   27    1 -.72317D-07 -.68261D-07
   27    2 -.20006D-08 0.55288D-06
   27    3 0.16044D-06 -.46604D-06
   27    4 -.77371D-06 -.57909D-07
   27    5 -.90408D-07 -.29525D-06
   27    6 -.14414D-06 -.20279D-06
   27    7 0.75385D-06 0.36717D-07
   27    8 0.91041D-07 -.14544D-06
   27    9 0.25751D-06 0.16945D-06
   27   10 -.27976D-06 -.16613D-06
   27   11 -.17078D-06 0.20369D-06
   27   12 0.37896D-07 -.18174D-06
   27   13 0.40482D-06 0.18798D-06
   27   14 0.16844D-07 0.10971D-06
   27   15 0.18372D-06 -.33575D-06
   27   16 0.22521D-06 -.11161D-07
   27   17 0.13443D-06 0.40661D-06
   27   18 -.38090D-06 0.16126D-06
   27   19 0.57374D-08 -.17045D-06
   27   20 0.49647D-06 -.20473D-06
   27   21 -.49103D-07 0.33793D-06
   27   22 0.12357D-06 -.31262D-06
   27   23 0.27372D-06 0.31007D-07
   27   24 0.39361D-07 -.44060D-06
   27   25 0.69924D-06 0.29301D-06
   27   26 -.69900D-06 -.74033D-06
   27   27 0.10054D-05 0.44499D-06
   28  -28 -.28485D-06 0.71904D-06
   28  -27 -.79849D-06 0.15369D-05
   28  -26 -.55162D-06 0.79960D-06
   28  -25 -.90864D-07 0.65670D-06
   28  -24 -.29693D-06 0.43667D-06
   28  -23 -.19000D-06 0.24610D-06
   28  -22 0.79125D-08 0.58786D-06
   28  -21 0.35170D-06 0.25046D-07
   28  -20 -.13035D-07 -.13283D-06
   28  -19 -.49698D-06 -.24977D-06
   28  -18 -.72085D-07 0.22165D-06
   28  -17 0.29142D-06 -.25951D-06
   28  -16 -.20341D-06 -.46126D-06
   28  -15 -.27003D-06 -.31704D-06
   28  -14 -.45793D-07 0.21085D-06
   28  -13 -.76577D-07 -.82038D-09
   28  -12 0.19441D-06 -.16262D-06
   28  -11 0.23661D-06 -.20778D-07
   28  -10 0.11458D-06 -.12872D-06
   28   -9 0.36719D-06 -.10462D-06
   28   -8 0.57798D-06 0.79152D-06
   28   -7 0.57312D-06 -.13563D-06
   28   -6 0.25305D-07 0.34342D-06
   28   -5 0.35909D-06 0.87882D-06
   28   -4 -.17438D-06 0.43502D-07
   28   -3 0.43287D-06 0.60756D-06
   28   -2 0.31605D-06 0.22058D-06
   28   -1 0.56719D-07 0.67333D-07
   28    0 -.56155D-06 0.00000D+00
   28    1 -.56719D-07 0.67333D-07
   28    2 0.31605D-06 -.22058D-06
   28    3 -.43287D-06 0.60756D-06
   28    4 -.17438D-06 -.43502D-07
   28    5 -.35909D-06 0.87882D-06
   28    6 0.25305D-07 -.34342D-06
   28    7 -.57312D-06 -.13563D-06
   28    8 0.57798D-06 -.79152D-06
   28    9 -.36719D-06 -.10462D-06
   28   10 0.11458D-06 0.12872D-06
   28   11 -.23661D-06 -.20778D-07
   28   12 0.19441D-06 0.16262D-06
   28   13 0.76577D-07 -.82038D-09
   28   14 -.45793D-07 -.21085D-06
   28   15 0.27003D-06 -.31704D-06
   28   16 -.20341D-06 0.46126D-06
   28   17 -.29142D-06 -.25951D-06
   28   18 -.72085D-07 -.22165D-06
   28   19 0.49698D-06 -.24977D-06
   28   20 -.13035D-07 0.13283D-06
   28   21 -.35170D-06 0.25046D-07
   28   22 0.79125D-08 -.58786D-06
   28   23 0.19000D-06 0.24610D-06
   28   24 -.29693D-06 -.43667D-06
   28   25 0.90864D-07 0.65670D-06
   28   26 -.55162D-06 -.79960D-06
   28   27 0.79849D-06 0.15369D-05
   28   28 -.28485D-06 -.71904D-06
   29  -29 0.49826D-06 0.53981D-06
   29  -28 -.46233D-06 0.14261D-05
   29  -27 -.30493D-06 0.68859D-06
   29  -26 -.35178D-06 0.51955D-06
   29  -25 -.34045D-06 0.50964D-06
   29  -24 -.62498D-06 0.83658D-07
   29  -23 -.59668D-07 0.63797D-06
   29  -22 0.62865D-07 -.39606D-07
   29  -21 0.51342D-07 -.14249D-06
   29  -20 -.54222D-06 -.18032D-06
   29  -19 0.19632D-07 0.26764D-07
   29  -18 0.32313D-06 -.16779D-06
   29  -17 -.10886D-06 -.48730D-06
   29  -16 -.39591D-06 -.17110D-06
   29  -15 0.13456D-06 0.23223D-06
   29  -14 0.11939D-06 0.44382D-07
   29  -13 -.31873D-07 -.29795D-06
   29  -12 -.14229D-06 0.15390D-07
   29  -11 -.32636D-06 -.23097D-08
   29  -10 -.19837D-06 0.13082D-06
   29   -9 0.23333D-06 0.11654D-06
   29   -8 -.49140D-06 -.72943D-06
   29   -7 -.36812D-06 -.35523D-06
   29   -6 0.27421D-07 -.32258D-06
   29   -5 -.93510D-08 -.39983D-06
   29   -4 0.42955D-06 -.29833D-06
   29   -3 -.23288D-06 -.59957D-08
   29   -2 -.52733D-07 0.43853D-07
   29   -1 0.55110D-06 -.63806D-06
   29    0 0.37269D-06 0.00000D+00
   29    1 -.55110D-06 -.63806D-06
   29    2 -.52733D-07 -.43853D-07
   29    3 0.23288D-06 -.59957D-08
   29    4 0.42955D-06 0.29833D-06
   29    5 0.93510D-08 -.39983D-06
   29    6 0.27421D-07 0.32258D-06
   29    7 0.36812D-06 -.35523D-06
   29    8 -.49140D-06 0.72943D-06
   29    9 -.23333D-06 0.11654D-06
   29   10 -.19837D-06 -.13082D-06
   29   11 0.32636D-06 -.23097D-08
   29   12 -.14229D-06 -.15390D-07
   29   13 0.31873D-07 -.29795D-06
   29   14 0.11939D-06 -.44382D-07
   29   15 -.13456D-06 0.23223D-06
   29   16 -.39591D-06 0.17110D-06
   29   17 0.10886D-06 -.48730D-06
   29   18 0.32313D-06 0.16779D-06
   29   19 -.19632D-07 0.26764D-07
   29   20 -.54222D-06 0.18032D-06
   29   21 -.51342D-07 -.14249D-06
   29   22 0.62865D-07 0.39606D-07
   29   23 0.59668D-07 0.63797D-06
   29   24 -.62498D-06 -.83658D-07
   29   25 0.34045D-06 0.50964D-06
   29   26 -.35178D-06 -.51955D-06
   29   27 0.30493D-06 0.68859D-06
   29   28 -.46233D-06 -.14261D-05
   29   29 -.49826D-06 0.53981D-06
   30  -30 0.87750D-06 0.80404D-07
   30  -29 0.54423D-07 0.59502D-06
   30  -28 -.11218D-06 0.14304D-06
   30  -27 -.54092D-06 0.14338D-06
   30  -26 -.40462D-06 0.20936D-06
   30  -25 -.93869D-06 -.12250D-06
   30  -24 -.16134D-06 0.47552D-06
   30  -23 -.74593D-07 -.34202D-07
   30  -22 0.52785D-07 -.20478D-06
   30  -21 -.42639D-06 -.12979D-06
   30  -20 -.24174D-07 0.67209D-07
   30  -19 0.48171D-06 -.10340D-06
   30  -18 0.50973D-07 -.52371D-06
   30  -17 -.47879D-06 -.12298D-06
   30  -16 0.28843D-06 0.31281D-06
   30  -15 0.31159D-06 -.16717D-07
   30  -14 0.21743D-07 -.35539D-06
   30  -13 -.11107D-06 0.13468D-06
   30  -12 0.81975D-08 0.34524D-06
   30  -11 0.32531D-06 0.52854D-07
   30  -10 0.24168D-06 0.15107D-06
   30   -9 -.71619D-06 0.42468D-06
   30   -8 0.15955D-06 0.35597D-06
   30   -7 -.12013D-06 0.21925D-06
   30   -6 -.72024D-06 0.30292D-06
   30   -5 -.80556D-07 -.59226D-07
   30   -4 -.19364D-06 0.62059D-06
   30   -3 -.48637D-06 0.26418D-06
   30   -2 -.80985D-06 -.29218D-06
   30   -1 0.25351D-06 -.25174D-06
   30    0 -.20099D-06 0.00000D+00
   30    1 -.25351D-06 -.25174D-06
   30    2 -.80985D-06 0.29218D-06
   30    3 0.48637D-06 0.26418D-06
   30    4 -.19364D-06 -.62059D-06
   30    5 0.80556D-07 -.59226D-07
   30    6 -.72024D-06 -.30292D-06
   30    7 0.12013D-06 0.21925D-06
   30    8 0.15955D-06 -.35597D-06
   30    9 0.71619D-06 0.42468D-06
   30   10 0.24168D-06 -.15107D-06
   30   11 -.32531D-06 0.52854D-07
   30   12 0.81975D-08 -.34524D-06
   30   13 0.11107D-06 0.13468D-06
   30   14 0.21743D-07 0.35539D-06
   30   15 -.31159D-06 -.16717D-07
   30   16 0.28843D-06 -.31281D-06
   30   17 0.47879D-06 -.12298D-06
   30   18 0.50973D-07 0.52371D-06
   30   19 -.48171D-06 -.10340D-06
   30   20 -.24174D-07 -.67209D-07
   30   21 0.42639D-06 -.12979D-06
   30   22 0.52785D-07 0.20478D-06
   30   23 0.74593D-07 -.34202D-07
   30   24 -.16134D-06 -.47552D-06
   30   25 0.93869D-06 -.12250D-06
   30   26 -.40462D-06 -.20936D-06
   30   27 0.54092D-06 0.14338D-06
   30   28 -.11218D-06 -.14304D-06
   30   29 -.54423D-07 0.59502D-06
   30   30 0.87750D-06 -.80404D-07
   31  -31 0.67175D-06 -.34703D-06
   31  -30 0.42400D-06 -.38621D-06
   31  -29 -.76093D-07 -.42923D-06
   31  -28 -.53880D-06 -.22105D-06
   31  -27 -.47537D-06 -.26291D-06
   31  -26 -.10026D-05 -.27972D-06
   31  -25 -.22759D-06 0.19200D-06
   31  -24 -.77337D-07 0.35898D-07
   31  -23 0.73607D-07 -.30361D-06
   31  -22 -.42639D-06 0.65136D-07
   31  -21 0.34636D-07 0.13018D-06
   31  -20 0.51893D-06 0.65092D-07
   31  -19 0.14378D-06 -.47715D-06
   31  -18 -.46587D-06 0.13277D-06
   31  -17 0.31842D-06 0.41116D-06
   31  -16 0.43147D-06 0.77180D-07
   31  -15 -.33913D-07 -.35500D-06
   31  -14 -.25414D-06 0.59672D-07
   31  -13 0.76242D-07 0.29973D-06
   31  -12 -.90675D-07 -.18944D-06
   31  -11 0.76284D-07 -.80390D-07
   31  -10 -.38408D-08 -.12756D-06
   31   -9 -.20833D-06 -.64094D-06
   31   -8 0.11857D-06 0.23865D-08
   31   -7 0.72107D-06 0.21883D-06
   31   -6 0.16712D-06 -.58054D-06
   31   -5 0.18196D-06 0.51268D-06
   31   -4 0.30482D-06 0.11807D-06
   31   -3 0.14619D-07 -.14155D-06
   31   -2 0.37871D-06 0.41677D-06
   31   -1 -.78012D-07 0.32068D-06
   31    0 0.55813D-06 0.00000D+00
   31    1 0.78012D-07 0.32068D-06
   31    2 0.37871D-06 -.41677D-06
   31    3 -.14619D-07 -.14155D-06
   31    4 0.30482D-06 -.11807D-06
   31    5 -.18196D-06 0.51268D-06
   31    6 0.16712D-06 0.58054D-06
   31    7 -.72107D-06 0.21883D-06
   31    8 0.11857D-06 -.23865D-08
   31    9 0.20833D-06 -.64094D-06
   31   10 -.38408D-08 0.12756D-06
   31   11 -.76284D-07 -.80390D-07
   31   12 -.90675D-07 0.18944D-06
   31   13 -.76242D-07 0.29973D-06
   31   14 -.25414D-06 -.59672D-07
   31   15 0.33913D-07 -.35500D-06
   31   16 0.43147D-06 -.77180D-07
   31   17 -.31842D-06 0.41116D-06
   31   18 -.46587D-06 -.13277D-06
   31   19 -.14378D-06 -.47715D-06
   31   20 0.51893D-06 -.65092D-07
   31   21 -.34636D-07 0.13018D-06
   31   22 -.42639D-06 -.65136D-07
   31   23 -.73607D-07 -.30361D-06
   31   24 -.77337D-07 -.35898D-07
   31   25 0.22759D-06 0.19200D-06
   31   26 -.10026D-05 0.27972D-06
   31   27 0.47537D-06 -.26291D-06
   31   28 -.53880D-06 0.22105D-06
   31   29 0.76093D-07 -.42923D-06
   31   30 0.42400D-06 0.38621D-06
   31   31 -.67175D-06 -.34703D-06
   32  -32 0.62657D-07 -.48950D-06
   32  -31 0.44948D-06 -.93520D-06
   32  -30 -.19306D-06 -.66630D-06
   32  -29 -.36362D-06 -.33583D-06
   32  -28 -.53933D-06 -.60875D-06
   32  -27 -.81475D-06 -.32228D-06
   32  -26 -.26228D-06 -.34410D-07
   32  -25 0.85628D-07 0.10242D-06
   32  -24 0.30204D-07 -.32887D-06
   32  -23 -.21664D-06 0.18863D-06
   32  -22 0.11789D-08 0.15267D-06
   32  -21 0.58648D-06 0.42531D-08
   32  -20 0.36316D-07 -.23885D-06
   32  -19 -.31856D-06 0.19074D-06
   32  -18 0.23818D-06 0.30677D-06
   32  -17 0.52156D-06 0.41180D-07
   32  -16 -.17212D-06 -.24709D-06
   32  -15 -.25373D-06 0.10124D-06
   32  -14 0.84902D-07 0.47917D-06
   32  -13 0.31645D-06 0.10009D-06
   32  -12 0.43451D-07 -.22115D-06
   32  -11 -.31592D-06 0.29027D-08
   32  -10 -.52720D-06 -.65655D-07
   32   -9 0.10368D-06 0.31097D-06
   32   -8 -.14959D-06 -.14879D-06
   32   -7 -.59655D-06 -.17095D-06
   32   -6 0.11247D-06 -.20929D-06
   32   -5 -.47829D-06 -.52272D-06
   32   -4 -.16802D-06 -.59296D-06
   32   -3 -.10300D-09 -.61328D-06
   32   -2 -.24100D-06 0.50343D-06
   32   -1 -.27756D-06 -.67862D-07
   32    0 0.28324D-06 0.00000D+00
   32    1 0.27756D-06 -.67862D-07
   32    2 -.24100D-06 -.50343D-06
   32    3 0.10300D-09 -.61328D-06
   32    4 -.16802D-06 0.59296D-06
   32    5 0.47829D-06 -.52272D-06
   32    6 0.11247D-06 0.20929D-06
   32    7 0.59655D-06 -.17095D-06
   32    8 -.14959D-06 0.14879D-06
   32    9 -.10368D-06 0.31097D-06
   32   10 -.52720D-06 0.65655D-07
   32   11 0.31592D-06 0.29027D-08
   32   12 0.43451D-07 0.22115D-06
   32   13 -.31645D-06 0.10009D-06
   32   14 0.84902D-07 -.47917D-06
   32   15 0.25373D-06 0.10124D-06
   32   16 -.17212D-06 0.24709D-06
   32   17 -.52156D-06 0.41180D-07
   32   18 0.23818D-06 -.30677D-06
   32   19 0.31856D-06 0.19074D-06
   32   20 0.36316D-07 0.23885D-06
   32   21 -.58648D-06 0.42531D-08
   32   22 0.11789D-08 -.15267D-06
   32   23 0.21664D-06 0.18863D-06
   32   24 0.30204D-07 0.32887D-06
   32   25 -.85628D-07 0.10242D-06
   32   26 -.26228D-06 0.34410D-07
   32   27 0.81475D-06 -.32228D-06
   32   28 -.53933D-06 0.60875D-06
   32   29 0.36362D-06 -.33583D-06
   32   30 -.19306D-06 0.66630D-06
   32   31 -.44948D-06 -.93520D-06
   32   32 0.62657D-07 0.48950D-06
   33  -33 -.54624D-06 -.29258D-06
   33  -32 0.16629D-06 -.79070D-06
   33  -31 -.36069D-06 -.45489D-06
   33  -30 -.14087D-06 -.11552D-06
   33  -29 -.57867D-06 -.62778D-06
   33  -28 -.53936D-06 -.23056D-06
   33  -27 -.26056D-06 -.74046D-07
   33  -26 0.21785D-06 0.16467D-06
   33  -25 0.47546D-07 -.26340D-06
   33  -24 -.10003D-06 0.25315D-06
   33  -23 0.76779D-07 0.10017D-06
   33  -22 0.28879D-06 0.48082D-07
   33  -21 0.25494D-07 -.80333D-07
   33  -20 -.20142D-06 0.27224D-06
   33  -19 0.44119D-07 0.16624D-06
   33  -18 0.46064D-06 -.29010D-07
   33  -17 -.21496D-06 -.10977D-07
   33  -16 -.37588D-06 0.13379D-06
   33  -15 0.20926D-06 0.39032D-06
   33  -14 0.27579D-06 -.13031D-06
   33  -13 -.44818D-07 -.45600D-06
   33  -12 -.23085D-06 0.91291D-07
   33  -11 -.47995D-07 0.24361D-06
   33  -10 0.77270D-06 -.19236D-06
   33   -9 0.25136D-06 0.19138D-06
   33   -8 -.78830D-07 0.39521D-06
   33   -7 0.38268D-06 0.38692D-07
   33   -6 0.34214D-08 0.48496D-06
   33   -5 -.19636D-06 -.95177D-07
   33   -4 -.13017D-06 0.11171D-06
   33   -3 0.44016D-06 0.10159D-05
   33   -2 -.13986D-06 -.56679D-07
   33   -1 -.28026D-06 0.36507D-07
   33    0 -.23657D-06 0.00000D+00
   33    1 0.28026D-06 0.36507D-07
   33    2 -.13986D-06 0.56679D-07
   33    3 -.44016D-06 0.10159D-05
   33    4 -.13017D-06 -.11171D-06
   33    5 0.19636D-06 -.95177D-07
   33    6 0.34214D-08 -.48496D-06
   33    7 -.38268D-06 0.38692D-07
   33    8 -.78830D-07 -.39521D-06
   33    9 -.25136D-06 0.19138D-06
   33   10 0.77270D-06 0.19236D-06
   33   11 0.47995D-07 0.24361D-06
   33   12 -.23085D-06 -.91291D-07
   33   13 0.44818D-07 -.45600D-06
   33   14 0.27579D-06 0.13031D-06
   33   15 -.20926D-06 0.39032D-06
   33   16 -.37588D-06 -.13379D-06
   33   17 0.21496D-06 -.10977D-07
   33   18 0.46064D-06 0.29010D-07
   33   19 -.44119D-07 0.16624D-06
   33   20 -.20142D-06 -.27224D-06
   33   21 -.25494D-07 -.80333D-07
   33   22 0.28879D-06 -.48082D-07
   33   23 -.76779D-07 0.10017D-06
   33   24 -.10003D-06 -.25315D-06
   33   25 -.47546D-07 -.26340D-06
   33   26 0.21785D-06 -.16467D-06
   33   27 0.26056D-06 -.74046D-07
   33   28 -.53936D-06 0.23056D-06
   33   29 0.57867D-06 -.62778D-06
   33   30 -.14087D-06 0.11552D-06
   33   31 0.36069D-06 -.45489D-06
   33   32 0.16629D-06 0.79070D-06
   33   33 0.54624D-06 -.29258D-06
   34  -34 -.78617D-06 0.90578D-07
   34  -33 -.20548D-06 -.12534D-06
   34  -32 -.44551D-06 0.38723D-07
   34  -31 -.38146D-08 0.32517D-06
   34  -30 -.58264D-06 -.33214D-06
   34  -29 -.35119D-06 -.50889D-07
   34  -28 -.25371D-06 0.74819D-07
   34  -27 0.24568D-06 0.18249D-06
   34  -26 0.45542D-07 -.88124D-07
   34  -25 0.57528D-07 0.18754D-06
   34  -24 0.39351D-07 0.45983D-07
   34  -23 0.25674D-06 -.41313D-07
   34  -22 -.13632D-06 -.45494D-07
   34  -21 0.27493D-07 0.69147D-07
   34  -20 -.13712D-06 0.10211D-06
   34  -19 0.24779D-06 -.21467D-06
   34  -18 -.16677D-06 0.39148D-07
   34  -17 -.29099D-06 0.17039D-06
   34  -16 0.62729D-07 0.17721D-06
   34  -15 0.33617D-06 -.80724D-07
   34  -14 -.31007D-06 -.25164D-06
   34  -13 0.55241D-07 0.21946D-06
   34  -12 -.69237D-07 0.11587D-06
   34  -11 0.30488D-07 -.23092D-06
   34  -10 0.25259D-06 0.94341D-07
   34   -9 0.14946D-06 -.35506D-06
   34   -8 -.46555D-06 -.69970D-06
   34   -7 0.36522D-06 0.43911D-07
   34   -6 0.44557D-06 -.41492D-06
   34   -5 0.19485D-06 -.15601D-06
   34   -4 0.51530D-06 0.33940D-06
   34   -3 0.15674D-06 -.14549D-06
   34   -2 0.71664D-06 -.67443D-06
   34   -1 -.19889D-06 0.15178D-06
   34    0 -.51009D-06 0.00000D+00
   34    1 0.19889D-06 0.15178D-06
   34    2 0.71664D-06 0.67443D-06
   34    3 -.15674D-06 -.14549D-06
   34    4 0.51530D-06 -.33940D-06
   34    5 -.19485D-06 -.15601D-06
   34    6 0.44557D-06 0.41492D-06
   34    7 -.36522D-06 0.43911D-07
   34    8 -.46555D-06 0.69970D-06
   34    9 -.14946D-06 -.35506D-06
   34   10 0.25259D-06 -.94341D-07
   34   11 -.30488D-07 -.23092D-06
   34   12 -.69237D-07 -.11587D-06
   34   13 -.55241D-07 0.21946D-06
   34   14 -.31007D-06 0.25164D-06
   34   15 -.33617D-06 -.80724D-07
   34   16 0.62729D-07 -.17721D-06
   34   17 0.29099D-06 0.17039D-06
   34   18 -.16677D-06 -.39148D-07
   34   19 -.24779D-06 -.21467D-06
   34   20 -.13712D-06 -.10211D-06
   34   21 -.27493D-07 0.69147D-07
   34   22 -.13632D-06 0.45494D-07
   34   23 -.25674D-06 -.41313D-07
   34   24 0.39351D-07 -.45983D-07
   34   25 -.57528D-07 0.18754D-06
   34   26 0.45542D-07 0.88124D-07
   34   27 -.24568D-06 0.18249D-06
   34   28 -.25371D-06 -.74819D-07
   34   29 0.35119D-06 -.50889D-07
   34   30 -.58264D-06 0.33214D-06
   34   31 0.38146D-08 0.32517D-06
   34   32 -.44551D-06 -.38723D-07
   34   33 0.20548D-06 -.12534D-06
   34   34 -.78617D-06 -.90578D-07
   35  -35 -.53676D-06 0.41047D-06
   35  -34 -.41353D-06 0.60131D-06
   35  -33 -.36501D-06 0.50125D-06
   35  -32 -.10570D-07 0.74204D-06
   35  -31 -.54072D-06 0.74272D-07
   35  -30 -.35905D-06 0.12360D-06
   35  -29 -.25462D-06 0.28132D-06
   35  -28 0.52427D-07 0.15043D-06
   35  -27 0.37911D-07 0.13118D-06
   35  -26 0.33575D-07 0.12405D-06
   35  -25 0.11877D-06 -.77105D-07
   35  -24 -.89105D-09 -.98633D-07
   35  -23 -.91863D-07 -.11638D-07
   35  -22 -.75286D-07 0.54038D-07
   35  -21 -.74784D-07 -.43893D-07
   35  -20 -.10342D-07 -.23608D-06
   35  -19 -.14844D-06 0.11519D-07
   35  -18 -.20844D-06 0.94478D-07
   35  -17 -.70378D-08 0.90116D-07
   35  -16 0.23099D-06 -.14510D-06
   35  -15 -.24008D-06 -.15807D-06
   35  -14 0.56703D-08 0.10912D-07
   35  -13 0.11030D-06 0.21951D-06
   35  -12 0.11771D-06 0.51014D-07
   35  -11 0.33809D-06 0.12491D-06
   35  -10 -.20348D-06 0.11850D-06
   35   -9 -.31045D-06 0.23052D-06
   35   -8 0.18618D-06 0.16614D-06
   35   -7 -.48666D-06 -.40208D-08
   35   -6 -.17146D-06 0.31966D-06
   35   -5 0.32512D-06 0.76274D-07
   35   -4 -.40189D-06 0.63294D-07
   35   -3 -.21212D-06 -.94958D-06
   35   -2 -.32977D-06 -.34642D-06
   35   -1 -.17790D-06 0.32057D-06
   35    0 -.43079D-06 0.00000D+00
   35    1 0.17790D-06 0.32057D-06
   35    2 -.32977D-06 0.34642D-06
   35    3 0.21212D-06 -.94958D-06
   35    4 -.40189D-06 -.63294D-07
   35    5 -.32512D-06 0.76274D-07
   35    6 -.17146D-06 -.31966D-06
   35    7 0.48666D-06 -.40208D-08
   35    8 0.18618D-06 -.16614D-06
   35    9 0.31045D-06 0.23052D-06
   35   10 -.20348D-06 -.11850D-06
   35   11 -.33809D-06 0.12491D-06
   35   12 0.11771D-06 -.51014D-07
   35   13 -.11030D-06 0.21951D-06
   35   14 0.56703D-08 -.10912D-07
   35   15 0.24008D-06 -.15807D-06
   35   16 0.23099D-06 0.14510D-06
   35   17 0.70378D-08 0.90116D-07
   35   18 -.20844D-06 -.94478D-07
   35   19 0.14844D-06 0.11519D-07
   35   20 -.10342D-07 0.23608D-06
   35   21 0.74784D-07 -.43893D-07
   35   22 -.75286D-07 -.54038D-07
   35   23 0.91863D-07 -.11638D-07
   35   24 -.89105D-09 0.98633D-07
   35   25 -.11877D-06 -.77105D-07
   35   26 0.33575D-07 -.12405D-06
   35   27 -.37911D-07 0.13118D-06
   35   28 0.52427D-07 -.15043D-06
   35   29 0.25462D-06 0.28132D-06
   35   30 -.35905D-06 -.12360D-06
   35   31 0.54072D-06 0.74272D-07
   35   32 -.10570D-07 -.74204D-06
   35   33 0.36501D-06 0.50125D-06
   35   34 -.41353D-06 -.60131D-06
   35   35 0.53676D-06 0.41047D-06
   36  -36 0.23374D-07 0.47625D-06
   36  -35 -.32934D-06 0.93846D-06
   36  -34 -.13742D-06 0.67088D-06
   36  -33 -.11555D-06 0.90544D-06
   36  -32 -.45775D-06 0.33426D-06
   36  -31 -.52475D-06 0.20236D-06
   36  -30 -.29549D-06 0.38464D-06
   36  -29 -.26656D-06 0.75753D-07
   36  -28 -.26322D-07 0.28958D-06
   36  -27 0.39717D-07 0.53859D-07
   36  -26 0.11051D-06 -.19161D-06
   36  -25 -.72293D-07 -.21766D-06
   36  -24 -.18468D-06 0.13070D-06
   36  -23 0.26025D-06 -.42548D-07
   36  -22 -.94041D-07 -.35534D-06
   36  -21 -.19642D-06 -.30503D-06
   36  -20 -.39635D-07 0.73214D-07
   36  -19 -.85133D-07 0.52640D-07
   36  -18 -.91803D-08 -.80224D-08
   36  -17 0.20446D-06 -.14817D-06
   36  -16 -.26265D-06 -.10619D-06
   36  -15 -.11128D-06 0.39718D-07
   36  -14 0.26201D-06 0.31129D-06
   36  -13 -.46736D-08 -.43677D-07
   36  -12 0.36087D-07 -.20101D-06
   36  -11 -.70201D-07 0.83980D-07
   36  -10 -.63471D-07 -.10275D-07
   36   -9 0.35345D-06 -.30380D-06
   36   -8 0.45444D-06 0.39029D-06
   36   -7 0.38149D-06 0.18481D-08
   36   -6 0.17810D-06 0.20527D-06
   36   -5 0.41144D-06 0.57053D-06
   36   -4 -.36533D-06 -.49002D-06
   36   -3 0.54382D-09 0.58741D-06
   36   -2 0.12924D-06 0.57875D-06
   36   -1 0.39181D-06 -.33210D-07
   36    0 -.67508D-07 0.00000D+00
   36    1 -.39181D-06 -.33210D-07
   36    2 0.12924D-06 -.57875D-06
   36    3 -.54382D-09 0.58741D-06
   36    4 -.36533D-06 0.49002D-06
   36    5 -.41144D-06 0.57053D-06
   36    6 0.17810D-06 -.20527D-06
   36    7 -.38149D-06 0.18481D-08
   36    8 0.45444D-06 -.39029D-06
   36    9 -.35345D-06 -.30380D-06
   36   10 -.63471D-07 0.10275D-07
   36   11 0.70201D-07 0.83980D-07
   36   12 0.36087D-07 0.20101D-06
   36   13 0.46736D-08 -.43677D-07
   36   14 0.26201D-06 -.31129D-06
   36   15 0.11128D-06 0.39718D-07
   36   16 -.26265D-06 0.10619D-06
   36   17 -.20446D-06 -.14817D-06
   36   18 -.91803D-08 0.80224D-08
   36   19 0.85133D-07 0.52640D-07
   36   20 -.39635D-07 -.73214D-07
   36   21 0.19642D-06 -.30503D-06
   36   22 -.94041D-07 0.35534D-06
   36   23 -.26025D-06 -.42548D-07
   36   24 -.18468D-06 -.13070D-06
   36   25 0.72293D-07 -.21766D-06
   36   26 0.11051D-06 0.19161D-06
   36   27 -.39717D-07 0.53859D-07
   36   28 -.26322D-07 -.28958D-06
   36   29 0.26656D-06 0.75753D-07
   36   30 -.29549D-06 -.38464D-06
   36   31 0.52475D-06 0.20236D-06
   36   32 -.45775D-06 -.33426D-06
   36   33 0.11555D-06 0.90544D-06
   36   34 -.13742D-06 -.67088D-06
   36   35 0.32934D-06 0.93846D-06
   36   36 0.23374D-07 -.47625D-06
