    0   36
    0    0 -.14222D-05 0.00000D+00
    1   -1 0.47183D-06 -.14801D-05
    1    0 0.82560D-06 0.00000D+00
    1    1 -.47183D-06 -.14801D-05
    2   -2 -.62601D-03 -.82049D-04
    2   -1 0.11295D-03 0.13953D-03
    2    0 0.15063D-03 0.00000D+00
    2    1 -.11295D-03 0.13953D-03
    2    2 -.62601D-03 0.82049D-04
    3   -3 -.11808D-03 -.85033D-04
    3   -2 0.11840D-03 -.32257D-04
    3   -1 0.30925D-03 0.12397D-03
    3    0 -.34269D-03 0.00000D+00
    3    1 -.30925D-03 0.12397D-03
    3    2 0.11840D-03 0.32257D-04
    3    3 0.11808D-03 -.85033D-04
    4   -4 0.15691D-03 -.15654D-03
    4   -3 0.67641D-04 -.17406D-03
    4   -2 0.11756D-03 0.29728D-03
    4   -1 -.10903D-03 0.26975D-05
    4    0 0.16974D-03 0.00000D+00
    4    1 0.10903D-03 0.26975D-05
    4    2 0.11756D-03 -.29728D-03
    4    3 -.67641D-04 -.17406D-03
    4    4 0.15691D-03 0.15654D-03
    5   -5 -.16621D-03 -.12202D-03
    5   -4 -.55442D-04 -.21950D-03
    5   -3 0.28561D-05 0.12904D-03
    5   -2 -.51072D-04 0.61724D-04
    5   -1 -.56134D-04 0.65387D-04
    5    0 -.27341D-03 0.00000D+00
    5    1 0.56134D-04 0.65387D-04
    5    2 -.51072D-04 -.61724D-04
    5    3 -.28561D-05 0.12904D-03
    5    4 -.55442D-04 0.21950D-03
    5    5 0.16621D-03 -.12202D-03
    6   -6 -.86163D-04 -.55335D-04
    6   -5 0.13141D-03 -.68184D-04
    6   -4 0.93140D-04 0.15889D-04
    6   -3 0.65128D-04 0.64636D-04
    6   -2 -.99481D-04 0.16430D-05
    6   -1 0.32229D-04 -.10146D-03
    6    0 0.44108D-04 0.00000D+00
    6    1 -.32229D-04 -.10146D-03
    6    2 -.99481D-04 -.16430D-05
    6    3 -.65128D-04 0.64636D-04
    6    4 0.93140D-04 -.15889D-04
    6    5 -.13141D-03 -.68184D-04
    6    6 -.86163D-04 0.55335D-04
    7   -7 -.66587D-04 -.15745D-03
    7   -6 -.58964D-04 -.12229D-04
    7   -5 -.20917D-04 0.16336D-04
    7   -4 -.75805D-05 -.51291D-05
    7   -3 -.43191D-04 0.99239D-04
    7   -2 0.57711D-04 -.26208D-05
    7   -1 -.11422D-03 0.65790D-05
    7    0 -.28036D-04 0.00000D+00
    7    1 0.11422D-03 0.65790D-05
    7    2 0.57711D-04 0.26208D-05
    7    3 0.43191D-04 0.99239D-04
    7    4 -.75805D-05 0.51291D-05
    7    5 0.20917D-04 0.16336D-04
    7    6 -.58964D-04 0.12229D-04
    7    7 0.66587D-04 -.15745D-03
    8   -8 -.85044D-04 -.82968D-05
    8   -7 -.81802D-04 -.27916D-04
    8   -6 0.26045D-04 -.15274D-04
    8   -5 0.83554D-04 -.27506D-04
    8   -4 -.57011D-04 0.14235D-04
    8   -3 0.85688D-04 0.10118D-03
    8   -2 -.78429D-04 -.22097D-04
    8   -1 -.11409D-03 0.56982D-04
    8    0 0.19733D-04 0.00000D+00
    8    1 0.11409D-03 0.56982D-04
    8    2 -.78429D-04 0.22097D-04
    8    3 -.85688D-04 0.10118D-03
    8    4 -.57011D-04 -.14235D-04
    8    5 -.83554D-04 -.27506D-04
    8    6 0.26045D-04 0.15274D-04
    8    7 0.81802D-04 -.27916D-04
    8    8 -.85044D-04 0.82968D-05
    9   -9 0.33877D-04 0.31310D-04
    9   -8 -.20558D-04 -.12101D-04
    9   -7 -.78332D-04 0.19372D-04
    9   -6 0.13166D-03 -.10931D-03
    9   -5 0.50366D-04 0.17570D-04
    9   -4 0.74513D-04 0.49091D-04
    9   -3 0.21796D-06 -.21389D-04
    9   -2 0.43833D-04 -.59339D-04
    9   -1 0.36674D-04 0.12431D-04
    9    0 -.11692D-04 0.00000D+00
    9    1 -.36674D-04 0.12431D-04
    9    2 0.43833D-04 0.59339D-04
    9    3 -.21796D-06 -.21389D-04
    9    4 0.74513D-04 -.49091D-04
    9    5 -.50366D-04 0.17570D-04
    9    6 0.13166D-03 0.10931D-03
    9    7 0.78332D-04 0.19372D-04
    9    8 -.20558D-04 0.12101D-04
    9    9 -.33877D-04 0.31310D-04
   10  -10 -.10475D-04 0.51752D-04
   10   -9 0.44024D-05 0.43721D-04
   10   -8 0.41167D-06 0.36015D-04
   10   -7 -.10725D-04 0.14658D-04
   10   -6 -.40316D-04 -.31930D-04
   10   -5 -.22249D-04 -.21940D-04
   10   -4 0.75722D-05 -.41109D-04
   10   -3 0.49599D-04 0.10781D-04
   10   -2 0.26643D-05 -.18512D-04
   10   -1 -.17645D-04 -.13551D-04
   10    0 0.23127D-04 0.00000D+00
   10    1 0.17645D-04 -.13551D-04
   10    2 0.26643D-05 0.18512D-04
   10    3 -.49599D-04 0.10781D-04
   10    4 0.75722D-05 0.41109D-04
   10    5 0.22249D-04 -.21940D-04
   10    6 -.40316D-04 0.31930D-04
   10    7 0.10725D-04 0.14658D-04
   10    8 0.41167D-06 -.36015D-04
   10    9 -.44024D-05 0.43721D-04
   10   10 -.10475D-04 -.51752D-04
   11  -11 0.17980D-04 -.68479D-05
   11  -10 -.37772D-04 -.20466D-04
   11   -9 -.42319D-05 -.21807D-04
   11   -8 -.56794D-04 0.26684D-05
   11   -7 -.23018D-04 0.76679D-05
   11   -6 0.93530D-05 0.14685D-04
   11   -5 -.47529D-04 -.15772D-04
   11   -4 -.18779D-04 0.44855D-04
   11   -3 -.24169D-04 0.49515D-05
   11   -2 0.33054D-04 -.16101D-04
   11   -1 0.41384D-04 0.52462D-04
   11    0 0.57584D-06 0.00000D+00
   11    1 -.41384D-04 0.52462D-04
   11    2 0.33054D-04 0.16101D-04
   11    3 0.24169D-04 0.49515D-05
   11    4 -.18779D-04 -.44855D-04
   11    5 0.47529D-04 -.15772D-04
   11    6 0.93530D-05 -.14685D-04
   11    7 0.23018D-04 0.76679D-05
   11    8 -.56794D-04 -.26684D-05
   11    9 0.42319D-05 -.21807D-04
   11   10 -.37772D-04 0.20466D-04
   11   11 -.17980D-04 -.68479D-05
   12  -12 -.32555D-04 0.21678D-04
   12  -11 -.24236D-04 0.87688D-05
   12  -10 -.15244D-05 -.79382D-05
   12   -9 0.27986D-05 0.10331D-04
   12   -8 0.79703D-04 -.33304D-04
   12   -7 0.10828D-04 0.23297D-04
   12   -6 0.15154D-06 -.16427D-06
   12   -5 -.20171D-04 0.49966D-04
   12   -4 -.41745D-05 -.39996D-04
   12   -3 -.11008D-04 -.24081D-04
   12   -2 0.18533D-04 -.23783D-04
   12   -1 0.41680D-04 0.30793D-04
   12    0 -.31893D-04 0.00000D+00
   12    1 -.41680D-04 0.30793D-04
   12    2 0.18533D-04 0.23783D-04
   12    3 0.11008D-04 -.24081D-04
   12    4 -.41745D-05 0.39996D-04
   12    5 0.20171D-04 0.49966D-04
   12    6 0.15154D-06 0.16427D-06
   12    7 -.10828D-04 0.23297D-04
   12    8 0.79703D-04 0.33304D-04
   12    9 -.27986D-05 0.10331D-04
   12   10 -.15244D-05 0.79382D-05
   12   11 0.24236D-04 0.87688D-05
   12   12 -.32555D-04 -.21678D-04
   13  -13 0.19837D-04 0.19131D-04
   13  -12 -.24703D-05 0.37513D-05
   13  -11 0.50500D-05 0.27941D-05
   13  -10 0.43401D-04 0.27386D-05
   13   -9 -.33266D-04 -.31572D-04
   13   -8 0.43666D-04 0.18839D-04
   13   -7 0.55902D-05 0.25234D-04
   13   -6 -.13244D-04 0.13053D-04
   13   -5 -.49482D-05 0.56412D-06
   13   -4 0.33170D-04 0.12788D-05
   13   -3 -.23895D-05 -.51351D-05
   13   -2 0.33018D-04 0.66866D-05
   13   -1 0.39084D-04 -.10424D-04
   13    0 -.20120D-04 0.00000D+00
   13    1 -.39084D-04 -.10424D-04
   13    2 0.33018D-04 -.66866D-05
   13    3 0.23895D-05 -.51351D-05
   13    4 0.33170D-04 -.12788D-05
   13    5 0.49482D-05 0.56412D-06
   13    6 -.13244D-04 -.13053D-04
   13    7 -.55902D-05 0.25234D-04
   13    8 0.43666D-04 -.18839D-04
   13    9 0.33266D-04 -.31572D-04
   13   10 0.43401D-04 -.27386D-05
   13   11 -.50500D-05 0.27941D-05
   13   12 -.24703D-05 -.37513D-05
   13   13 -.19837D-04 0.19131D-04
   14  -14 0.10039D-04 -.15249D-04
   14  -13 0.37285D-04 0.54027D-04
   14  -12 -.74088D-06 0.19630D-05
   14  -11 -.67494D-05 -.63721D-05
   14  -10 -.25731D-04 -.71168D-05
   14   -9 0.38620D-05 -.10633D-04
   14   -8 0.20715D-04 0.31347D-05
   14   -7 -.12546D-04 -.27465D-04
   14   -6 -.30782D-04 -.85680D-07
   14   -5 -.46320D-04 -.28848D-05
   14   -4 -.23211D-04 -.29295D-04
   14   -3 -.99948D-05 0.83613D-05
   14   -2 0.86387D-05 0.29802D-05
   14   -1 -.92565D-05 -.42951D-05
   14    0 -.24314D-05 0.00000D+00
   14    1 0.92565D-05 -.42951D-05
   14    2 0.86387D-05 -.29802D-05
   14    3 0.99948D-05 0.83613D-05
   14    4 -.23211D-04 0.29295D-04
   14    5 0.46320D-04 -.28848D-05
   14    6 -.30782D-04 0.85680D-07
   14    7 0.12546D-04 -.27465D-04
   14    8 0.20715D-04 -.31347D-05
   14    9 -.38620D-05 -.10633D-04
   14   10 -.25731D-04 0.71168D-05
   14   11 0.67494D-05 -.63721D-05
   14   12 -.74088D-06 -.19630D-05
   14   13 -.37285D-04 0.54027D-04
   14   14 0.10039D-04 0.15249D-04
   15  -15 0.25412D-04 -.68320D-05
   15  -14 0.16172D-04 -.13208D-04
   15  -13 -.12126D-04 0.91940D-05
   15  -12 -.17643D-04 -.30578D-04
   15  -11 0.95051D-06 0.89084D-05
   15  -10 0.18737D-04 -.35658D-05
   15   -9 0.49529D-04 -.14934D-04
   15   -8 -.32066D-04 0.44144D-04
   15   -7 -.21710D-04 -.98328D-05
   15   -6 -.62832D-05 -.26377D-05
   15   -5 0.21258D-04 -.28830D-04
   15   -4 -.28353D-04 -.26952D-04
   15   -3 -.63270D-05 0.35796D-04
   15   -2 0.78326D-05 0.18913D-04
   15   -1 -.11749D-04 -.32122D-04
   15    0 -.20622D-04 0.00000D+00
   15    1 0.11749D-04 -.32122D-04
   15    2 0.78326D-05 -.18913D-04
   15    3 0.63270D-05 0.35796D-04
   15    4 -.28353D-04 0.26952D-04
   15    5 -.21258D-04 -.28830D-04
   15    6 -.62832D-05 0.26377D-05
   15    7 0.21710D-04 -.98328D-05
   15    8 -.32066D-04 -.44144D-04
   15    9 -.49529D-04 -.14934D-04
   15   10 0.18737D-04 0.35658D-05
   15   11 -.95051D-06 0.89084D-05
   15   12 -.17643D-04 0.30578D-04
   15   13 0.12126D-04 0.91940D-05
   15   14 0.16172D-04 0.13208D-04
   15   15 -.25412D-04 -.68320D-05
   16  -16 0.35764D-04 -.19401D-05
   16  -15 0.19847D-05 -.19367D-05
   16  -14 -.22293D-04 0.23487D-04
   16  -13 -.36839D-05 0.77672D-05
   16  -12 0.11971D-04 -.86119D-05
   16  -11 -.38722D-05 -.18933D-04
   16  -10 0.19020D-04 0.18705D-05
   16   -9 -.82780D-05 0.30415D-05
   16   -8 0.27345D-04 0.10841D-04
   16   -7 0.47597D-05 0.25385D-04
   16   -6 -.69764D-06 -.20683D-04
   16   -5 -.13623D-04 -.30222D-06
   16   -4 0.53998D-05 -.20650D-04
   16   -3 -.25085D-04 -.11280D-05
   16   -2 -.19196D-04 -.93604D-05
   16   -1 -.17099D-04 -.28662D-04
   16    0 0.14322D-04 0.00000D+00
   16    1 0.17099D-04 -.28662D-04
   16    2 -.19196D-04 0.93604D-05
   16    3 0.25085D-04 -.11280D-05
   16    4 0.53998D-05 0.20650D-04
   16    5 0.13623D-04 -.30222D-06
   16    6 -.69764D-06 0.20683D-04
   16    7 -.47597D-05 0.25385D-04
   16    8 0.27345D-04 -.10841D-04
   16    9 0.82780D-05 0.30415D-05
   16   10 0.19020D-04 -.18705D-05
   16   11 0.38722D-05 -.18933D-04
   16   12 0.11971D-04 0.86119D-05
   16   13 0.36839D-05 0.77672D-05
   16   14 -.22293D-04 -.23487D-04
   16   15 -.19847D-05 -.19367D-05
   16   16 0.35764D-04 0.19401D-05
   17  -17 0.92441D-06 0.19758D-05
   17  -16 0.84656D-06 0.50988D-06
   17  -15 -.72035D-06 -.14540D-05
   17  -14 -.82520D-06 0.71612D-07
   17  -13 -.58654D-06 0.14544D-05
   17  -12 0.90020D-06 0.33369D-06
   17  -11 -.14145D-06 -.27875D-06
   17  -10 -.62788D-06 0.11261D-05
   17   -9 0.16218D-05 0.35677D-07
   17   -8 -.14340D-06 -.37168D-06
   17   -7 0.90122D-06 0.11620D-05
   17   -6 -.70168D-06 -.10898D-05
   17   -5 0.29628D-06 0.38409D-06
   17   -4 0.11852D-05 -.16215D-05
   17   -3 -.10619D-05 -.99763D-06
   17   -2 0.27566D-07 0.10499D-05
   17   -1 -.83524D-06 -.48367D-06
   17    0 0.58207D-06 0.00000D+00
   17    1 0.83524D-06 -.48367D-06
   17    2 0.27566D-07 -.10499D-05
   17    3 0.10619D-05 -.99763D-06
   17    4 0.11852D-05 0.16215D-05
   17    5 -.29628D-06 0.38409D-06
   17    6 -.70168D-06 0.10898D-05
   17    7 -.90122D-06 0.11620D-05
   17    8 -.14340D-06 0.37168D-06
   17    9 -.16218D-05 0.35677D-07
   17   10 -.62788D-06 -.11261D-05
   17   11 0.14145D-06 -.27875D-06
   17   12 0.90020D-06 -.33369D-06
   17   13 0.58654D-06 0.14544D-05
   17   14 -.82520D-06 -.71612D-07
   17   15 0.72035D-06 -.14540D-05
   17   16 0.84656D-06 -.50988D-06
   17   17 -.92441D-06 0.19758D-05
   18  -18 0.48607D-06 0.10226D-05
   18  -17 0.10516D-05 -.20266D-07
   18  -16 -.65958D-06 -.13478D-05
   18  -15 -.93622D-06 0.14294D-06
   18  -14 -.25659D-06 0.81779D-06
   18  -13 0.22154D-06 -.24738D-06
   18  -12 -.24329D-06 0.14262D-06
   18  -11 0.15976D-06 -.49018D-06
   18  -10 -.27026D-06 0.91020D-08
   18   -9 -.55372D-06 0.80173D-07
   18   -8 -.21803D-06 -.14230D-06
   18   -7 0.43192D-07 0.74346D-06
   18   -6 0.54637D-06 0.21443D-06
   18   -5 -.19204D-06 0.41857D-06
   18   -4 0.10456D-05 0.43129D-06
   18   -3 0.94012D-06 -.83642D-06
   18   -2 0.15077D-06 0.31119D-06
   18   -1 -.35584D-06 -.24244D-06
   18    0 -.64025D-06 0.00000D+00
   18    1 0.35584D-06 -.24244D-06
   18    2 0.15077D-06 -.31119D-06
   18    3 -.94012D-06 -.83642D-06
   18    4 0.10456D-05 -.43129D-06
   18    5 0.19204D-06 0.41857D-06
   18    6 0.54637D-06 -.21443D-06
   18    7 -.43192D-07 0.74346D-06
   18    8 -.21803D-06 0.14230D-06
   18    9 0.55372D-06 0.80173D-07
   18   10 -.27026D-06 -.91020D-08
   18   11 -.15976D-06 -.49018D-06
   18   12 -.24329D-06 -.14262D-06
   18   13 -.22154D-06 -.24738D-06
   18   14 -.25659D-06 -.81779D-06
   18   15 0.93622D-06 0.14294D-06
   18   16 -.65958D-06 0.13478D-05
   18   17 -.10516D-05 -.20266D-07
   18   18 0.48607D-06 -.10226D-05
   19  -19 0.56640D-07 0.17241D-06
   19  -18 0.83135D-06 -.26435D-06
   19  -17 -.40562D-06 -.77892D-06
   19  -16 -.43743D-06 0.14361D-06
   19  -15 -.23931D-07 0.25479D-07
   19  -14 -.25485D-06 -.53811D-06
   19  -13 -.38107D-06 -.31171D-06
   19  -12 -.25322D-07 -.33344D-06
   19  -11 -.55222D-06 -.21249D-06
   19  -10 -.90335D-07 0.94870D-06
   19   -9 0.48359D-06 -.54971D-06
   19   -8 -.19569D-07 0.38127D-06
   19   -7 0.43074D-06 0.83983D-06
   19   -6 0.22160D-06 0.49957D-07
   19   -5 0.56420D-06 -.28671D-06
   19   -4 0.40186D-06 -.59636D-06
   19   -3 0.15755D-06 0.16491D-06
   19   -2 0.77043D-06 -.41262D-06
   19   -1 0.41729D-06 0.41864D-06
   19    0 -.34909D-06 0.00000D+00
   19    1 -.41729D-06 0.41864D-06
   19    2 0.77043D-06 0.41262D-06
   19    3 -.15755D-06 0.16491D-06
   19    4 0.40186D-06 0.59636D-06
   19    5 -.56420D-06 -.28671D-06
   19    6 0.22160D-06 -.49957D-07
   19    7 -.43074D-06 0.83983D-06
   19    8 -.19569D-07 -.38127D-06
   19    9 -.48359D-06 -.54971D-06
   19   10 -.90335D-07 -.94870D-06
   19   11 0.55222D-06 -.21249D-06
   19   12 -.25322D-07 0.33344D-06
   19   13 0.38107D-06 -.31171D-06
   19   14 -.25485D-06 0.53811D-06
   19   15 0.23931D-07 0.25479D-07
   19   16 -.43743D-06 -.14361D-06
   19   17 0.40562D-06 -.77892D-06
   19   18 0.83135D-06 0.26435D-06
   19   19 -.56640D-07 0.17241D-06
   20  -20 -.15691D-06 -.35913D-06
   20  -19 0.36836D-06 -.23627D-06
   20  -18 -.60013D-07 -.13201D-06
   20  -17 0.12804D-06 0.73217D-07
   20  -16 0.52533D-07 -.36098D-06
   20  -15 -.36987D-06 -.35890D-06
   20  -14 -.33127D-07 -.52430D-06
   20  -13 -.27964D-06 -.31962D-06
   20  -12 0.21845D-06 0.26620D-06
   20  -11 0.45796D-06 -.64679D-06
   20  -10 -.38639D-06 -.35900D-06
   20   -9 0.35424D-06 0.99885D-07
   20   -8 -.24025D-06 -.89172D-06
   20   -7 -.21497D-06 0.23515D-06
   20   -6 -.37345D-06 0.16186D-06
   20   -5 -.41889D-06 0.38238D-06
   20   -4 -.95103D-07 0.46061D-06
   20   -3 -.69778D-07 -.83828D-07
   20   -2 0.22963D-06 -.80487D-07
   20   -1 0.42406D-06 0.67794D-06
   20    0 -.18865D-06 0.00000D+00
   20    1 -.42406D-06 0.67794D-06
   20    2 0.22963D-06 0.80487D-07
   20    3 0.69778D-07 -.83828D-07
   20    4 -.95103D-07 -.46061D-06
   20    5 0.41889D-06 0.38238D-06
   20    6 -.37345D-06 -.16186D-06
   20    7 0.21497D-06 0.23515D-06
   20    8 -.24025D-06 0.89172D-06
   20    9 -.35424D-06 0.99885D-07
   20   10 -.38639D-06 0.35900D-06
   20   11 -.45796D-06 -.64679D-06
   20   12 0.21845D-06 -.26620D-06
   20   13 0.27964D-06 -.31962D-06
   20   14 -.33127D-07 0.52430D-06
   20   15 0.36987D-06 -.35890D-06
   20   16 0.52533D-07 0.36098D-06
   20   17 -.12804D-06 0.73217D-07
   20   18 -.60013D-07 0.13201D-06
   20   19 -.36836D-06 -.23627D-06
   20   20 -.15691D-06 0.35913D-06
   21  -21 -.10525D-06 -.50225D-06
   21  -20 -.65131D-07 -.68873D-07
   21  -19 0.24332D-06 0.25339D-06
   21  -18 0.35013D-06 0.15221D-07
   21  -17 0.65356D-07 -.20531D-06
   21  -16 -.30211D-07 -.56907D-07
   21  -15 0.18641D-06 -.55833D-06
   21  -14 -.34793D-07 -.36719D-06
   21  -13 0.16693D-06 -.17799D-06
   21  -12 0.18004D-06 -.31871D-06
   21  -11 -.34599D-06 -.23187D-06
   21  -10 0.22404D-06 -.63732D-07
   21   -9 -.57196D-06 0.27255D-06
   21   -8 0.21454D-06 0.36160D-06
   21   -7 -.33094D-06 -.25785D-06
   21   -6 0.67408D-07 0.46649D-06
   21   -5 -.12956D-06 0.12095D-06
   21   -4 -.32482D-06 0.84423D-06
   21   -3 0.61672D-06 0.37555D-06
   21   -2 -.13776D-06 -.15878D-06
   21   -1 0.49593D-06 0.36425D-06
   21    0 -.27092D-06 0.00000D+00
   21    1 -.49593D-06 0.36425D-06
   21    2 -.13776D-06 0.15878D-06
   21    3 -.61672D-06 0.37555D-06
   21    4 -.32482D-06 -.84423D-06
   21    5 0.12956D-06 0.12095D-06
   21    6 0.67408D-07 -.46649D-06
   21    7 0.33094D-06 -.25785D-06
   21    8 0.21454D-06 -.36160D-06
   21    9 0.57196D-06 0.27255D-06
   21   10 0.22404D-06 0.63732D-07
   21   11 0.34599D-06 -.23187D-06
   21   12 0.18004D-06 0.31871D-06
   21   13 -.16693D-06 -.17799D-06
   21   14 -.34793D-07 0.36719D-06
   21   15 -.18641D-06 -.55833D-06
   21   16 -.30211D-07 0.56907D-07
   21   17 -.65356D-07 -.20531D-06
   21   18 0.35013D-06 -.15221D-07
   21   19 -.24332D-06 0.25339D-06
   21   20 -.65131D-07 0.68873D-07
   21   21 0.10525D-06 -.50225D-06
   22  -22 0.11687D-06 -.34086D-06
   22  -21 -.26745D-06 0.83181D-07
   22  -20 0.40504D-06 0.25903D-06
   22  -19 0.20677D-06 0.32035D-07
   22  -18 0.55198D-07 0.17368D-06
   22  -17 0.35228D-06 0.12743D-06
   22  -16 0.12727D-06 -.36612D-06
   22  -15 0.34478D-07 -.91366D-07
   22  -14 0.30197D-06 -.86605D-07
   22  -13 -.64512D-07 0.44583D-07
   22  -12 0.23543D-06 0.23745D-06
   22  -11 0.23753D-06 -.32429D-06
   22  -10 0.69112D-07 0.33443D-06
   22   -9 0.43093D-06 -.74424D-07
   22   -8 -.21241D-06 -.24088D-06
   22   -7 0.24310D-07 -.24823D-06
   22   -6 -.24950D-06 0.28303D-06
   22   -5 -.26039D-07 -.10941D-06
   22   -4 -.38044D-06 -.43142D-06
   22   -3 -.40569D-06 0.17219D-06
   22   -2 -.64307D-06 -.15810D-06
   22   -1 -.45231D-07 0.20620D-08
   22    0 0.46208D-06 0.00000D+00
   22    1 0.45231D-07 0.20620D-08
   22    2 -.64307D-06 0.15810D-06
   22    3 0.40569D-06 0.17219D-06
   22    4 -.38044D-06 0.43142D-06
   22    5 0.26039D-07 -.10941D-06
   22    6 -.24950D-06 -.28303D-06
   22    7 -.24310D-07 -.24823D-06
   22    8 -.21241D-06 0.24088D-06
   22    9 -.43093D-06 -.74424D-07
   22   10 0.69112D-07 -.33443D-06
   22   11 -.23753D-06 -.32429D-06
   22   12 0.23543D-06 -.23745D-06
   22   13 0.64512D-07 0.44583D-07
   22   14 0.30197D-06 0.86605D-07
   22   15 -.34478D-07 -.91366D-07
   22   16 0.12727D-06 0.36612D-06
   22   17 -.35228D-06 0.12743D-06
   22   18 0.55198D-07 -.17368D-06
   22   19 -.20677D-06 0.32035D-07
   22   20 0.40504D-06 -.25903D-06
   22   21 0.26745D-06 0.83181D-07
   22   22 0.11687D-06 0.34086D-06
   23  -23 0.34714D-06 -.53375D-07
   23  -22 -.20072D-06 0.12646D-06
   23  -21 0.40951D-06 0.57797D-08
   23  -20 -.73630D-07 0.10835D-06
   23  -19 0.40716D-07 0.42742D-06
   23  -18 0.39498D-06 0.16613D-06
   23  -17 -.69431D-08 0.19091D-07
   23  -16 0.14750D-06 0.14034D-06
   23  -15 0.27487D-06 0.75757D-07
   23  -14 0.21051D-06 0.98847D-08
   23  -13 0.12254D-06 -.22779D-07
   23  -12 0.35136D-07 -.99843D-07
   23  -11 0.35540D-06 0.38081D-06
   23  -10 -.45964D-07 -.55348D-06
   23   -9 -.55474D-06 0.19159D-06
   23   -8 0.12265D-06 -.20812D-06
   23   -7 -.30515D-06 -.45754D-06
   23   -6 -.18038D-06 0.11492D-06
   23   -5 -.38475D-06 -.13088D-07
   23   -4 -.16904D-06 0.35151D-06
   23   -3 -.42024D-06 -.11187D-06
   23   -2 -.40999D-06 0.22093D-06
   23   -1 -.36079D-07 -.29327D-06
   23    0 0.12684D-06 0.00000D+00
   23    1 0.36079D-07 -.29327D-06
   23    2 -.40999D-06 -.22093D-06
   23    3 0.42024D-06 -.11187D-06
   23    4 -.16904D-06 -.35151D-06
   23    5 0.38475D-06 -.13088D-07
   23    6 -.18038D-06 -.11492D-06
   23    7 0.30515D-06 -.45754D-06
   23    8 0.12265D-06 0.20812D-06
   23    9 0.55474D-06 0.19159D-06
   23   10 -.45964D-07 0.55348D-06
   23   11 -.35540D-06 0.38081D-06
   23   12 0.35136D-07 0.99843D-07
   23   13 -.12254D-06 -.22779D-07
   23   14 0.21051D-06 -.98847D-08
   23   15 -.27487D-06 0.75757D-07
   23   16 0.14750D-06 -.14034D-06
   23   17 0.69431D-08 0.19091D-07
   23   18 0.39498D-06 -.16613D-06
   23   19 -.40716D-07 0.42742D-06
   23   20 -.73630D-07 -.10835D-06
   23   21 -.40951D-06 0.57797D-08
   23   22 -.20072D-06 -.12646D-06
   23   23 -.34714D-06 -.53375D-07
   24  -24 0.44909D-06 0.18021D-06
   24  -23 0.23356D-07 0.59392D-07
   24  -22 0.31610D-06 -.27874D-06
   24  -21 -.23468D-06 0.18227D-06
   24  -20 0.71761D-08 0.38541D-06
   24  -19 0.15012D-06 0.14019D-06
   24  -18 -.10620D-06 0.26894D-06
   24  -17 0.19452D-06 0.11860D-06
   24  -16 0.59959D-07 0.10853D-06
   24  -15 0.10900D-06 0.58962D-07
   24  -14 -.22305D-08 0.93094D-07
   24  -13 -.15026D-06 0.22095D-06
   24  -12 0.30406D-06 0.25907D-06
   24  -11 -.22898D-06 0.26204D-06
   24  -10 0.81767D-07 0.91109D-07
   24   -9 -.95488D-07 -.15489D-06
   24   -8 0.20213D-06 0.70515D-06
   24   -7 0.22343D-06 -.96464D-07
   24   -6 0.37489D-07 -.28551D-06
   24   -5 0.37123D-06 -.40007D-06
   24   -4 -.15529D-06 -.15602D-06
   24   -3 0.15487D-06 0.77091D-07
   24   -2 0.96851D-07 -.75741D-07
   24   -1 -.21871D-06 -.51614D-06
   24    0 0.91340D-07 0.00000D+00
   24    1 0.21871D-06 -.51614D-06
   24    2 0.96851D-07 0.75741D-07
   24    3 -.15487D-06 0.77091D-07
   24    4 -.15529D-06 0.15602D-06
   24    5 -.37123D-06 -.40007D-06
   24    6 0.37489D-07 0.28551D-06
   24    7 -.22343D-06 -.96464D-07
   24    8 0.20213D-06 -.70515D-06
   24    9 0.95488D-07 -.15489D-06
   24   10 0.81767D-07 -.91109D-07
   24   11 0.22898D-06 0.26204D-06
   24   12 0.30406D-06 -.25907D-06
   24   13 0.15026D-06 0.22095D-06
   24   14 -.22305D-08 -.93094D-07
   24   15 -.10900D-06 0.58962D-07
   24   16 0.59959D-07 -.10853D-06
   24   17 -.19452D-06 0.11860D-06
   24   18 -.10620D-06 -.26894D-06
   24   19 -.15012D-06 0.14019D-06
   24   20 0.71761D-08 -.38541D-06
   24   21 0.23468D-06 0.18227D-06
   24   22 0.31610D-06 0.27874D-06
   24   23 -.23356D-07 0.59392D-07
   24   24 0.44909D-06 -.18021D-06
   25  -25 0.37628D-06 0.25797D-06
   25  -24 0.23297D-06 -.53061D-07
   25  -23 0.21678D-06 -.40935D-06
   25  -22 -.17442D-06 0.19753D-06
   25  -21 -.33617D-07 0.14348D-06
   25  -20 -.14725D-06 0.93822D-07
   25  -19 -.84962D-07 0.25786D-06
   25  -18 0.34059D-08 -.73384D-07
   25  -17 -.75261D-07 0.10532D-06
   25  -16 -.15465D-07 0.57423D-07
   25  -15 -.10879D-06 0.18756D-06
   25  -14 -.25682D-07 0.11420D-06
   25  -13 0.26771D-06 0.48187D-07
   25  -12 -.38991D-07 0.21244D-06
   25  -11 0.21834D-06 0.45500D-07
   25  -10 -.24815D-06 -.20883D-06
   25   -9 0.51676D-06 -.11849D-06
   25   -8 0.15559D-06 -.23111D-06
   25   -7 -.29985D-07 -.13994D-06
   25   -6 0.86743D-07 -.49040D-06
   25   -5 -.73446D-07 0.80248D-07
   25   -4 0.36982D-06 -.48346D-06
   25   -3 -.11646D-06 -.36600D-06
   25   -2 0.27467D-06 -.20731D-07
   25   -1 -.65654D-06 -.25715D-06
   25    0 -.19558D-06 0.00000D+00
   25    1 0.65654D-06 -.25715D-06
   25    2 0.27467D-06 0.20731D-07
   25    3 0.11646D-06 -.36600D-06
   25    4 0.36982D-06 0.48346D-06
   25    5 0.73446D-07 0.80248D-07
   25    6 0.86743D-07 0.49040D-06
   25    7 0.29985D-07 -.13994D-06
   25    8 0.15559D-06 0.23111D-06
   25    9 -.51676D-06 -.11849D-06
   25   10 -.24815D-06 0.20883D-06
   25   11 -.21834D-06 0.45500D-07
   25   12 -.38991D-07 -.21244D-06
   25   13 -.26771D-06 0.48187D-07
   25   14 -.25682D-07 -.11420D-06
   25   15 0.10879D-06 0.18756D-06
   25   16 -.15465D-07 -.57423D-07
   25   17 0.75261D-07 0.10532D-06
   25   18 0.34059D-08 0.73384D-07
   25   19 0.84962D-07 0.25786D-06
   25   20 -.14725D-06 -.93822D-07
   25   21 0.33617D-07 0.14348D-06
   25   22 -.17442D-06 -.19753D-06
   25   23 -.21678D-06 -.40935D-06
   25   24 0.23297D-06 0.53061D-07
   25   25 -.37628D-06 0.25797D-06
   26  -26 0.18095D-06 0.18554D-06
   26  -25 0.30032D-06 -.13415D-06
   26  -24 0.18075D-06 -.33606D-06
   26  -23 0.36191D-07 0.14153D-06
   26  -22 -.55281D-07 -.10732D-06
   26  -21 -.27807D-06 0.50995D-07
   26  -20 0.26386D-08 0.22030D-07
   26  -19 -.18852D-06 -.19961D-06
   26  -18 -.11899D-06 -.61791D-07
   26  -17 -.43317D-07 -.75431D-07
   26  -16 -.17857D-06 0.10405D-06
   26  -15 -.70342D-07 -.84229D-07
   26  -14 0.47928D-07 -.76842D-07
   26  -13 0.84197D-07 0.19491D-06
   26  -12 -.27565D-06 -.21125D-06
   26  -11 -.16826D-06 0.26916D-06
   26  -10 0.21471D-06 -.81842D-07
   26   -9 -.10828D-06 0.52429D-07
   26   -8 -.12277D-06 0.19510D-06
   26   -7 0.42851D-07 0.34627D-07
   26   -6 0.14701D-06 -.99425D-07
   26   -5 0.79409D-07 0.22511D-06
   26   -4 0.40741D-06 0.33159D-06
   26   -3 0.21107D-06 -.17321D-06
   26   -2 0.19841D-06 0.14019D-06
   26   -1 -.16729D-06 0.81530D-07
   26    0 0.15386D-06 0.00000D+00
   26    1 0.16729D-06 0.81530D-07
   26    2 0.19841D-06 -.14019D-06
   26    3 -.21107D-06 -.17321D-06
   26    4 0.40741D-06 -.33159D-06
   26    5 -.79409D-07 0.22511D-06
   26    6 0.14701D-06 0.99425D-07
   26    7 -.42851D-07 0.34627D-07
   26    8 -.12277D-06 -.19510D-06
   26    9 0.10828D-06 0.52429D-07
   26   10 0.21471D-06 0.81842D-07
   26   11 0.16826D-06 0.26916D-06
   26   12 -.27565D-06 0.21125D-06
   26   13 -.84197D-07 0.19491D-06
   26   14 0.47928D-07 0.76842D-07
   26   15 0.70342D-07 -.84229D-07
   26   16 -.17857D-06 -.10405D-06
   26   17 0.43317D-07 -.75431D-07
   26   18 -.11899D-06 0.61791D-07
   26   19 0.18852D-06 -.19961D-06
   26   20 0.26386D-08 -.22030D-07
   26   21 0.27807D-06 0.50995D-07
   26   22 -.55281D-07 0.10732D-06
   26   23 -.36191D-07 0.14153D-06
   26   24 0.18075D-06 0.33606D-06
   26   25 -.30032D-06 -.13415D-06
   26   26 0.18095D-06 -.18554D-06
   27  -27 -.28334D-07 0.47963D-07
   27  -26 0.20090D-06 -.14307D-06
   27  -25 0.22402D-06 -.13618D-06
   27  -24 0.23877D-06 0.46086D-07
   27  -23 -.23662D-07 -.21430D-06
   27  -22 -.21041D-06 0.23908D-07
   27  -21 0.10334D-06 -.18473D-06
   27  -20 -.20747D-06 -.20694D-06
   27  -19 -.31282D-07 -.26194D-06
   27  -18 -.14816D-06 -.26984D-06
   27  -17 -.86247D-07 0.34183D-07
   27  -16 -.11296D-06 -.17498D-06
   27  -15 -.51070D-07 -.18604D-06
   27  -14 0.59618D-07 0.10848D-06
   27  -13 -.15628D-06 0.16738D-07
   27  -12 0.14686D-06 0.96386D-07
   27  -11 0.17150D-06 -.13116D-06
   27  -10 0.18652D-07 0.42366D-06
   27   -9 0.19181D-06 -.31914D-06
   27   -8 0.16256D-07 0.13076D-07
   27   -7 0.39783D-06 0.55386D-06
   27   -6 0.24633D-06 0.46797D-07
   27   -5 0.29224D-06 0.42637D-07
   27   -4 0.25134D-06 -.40593D-06
   27   -3 0.13002D-06 0.70167D-08
   27   -2 0.28300D-06 0.14039D-07
   27   -1 0.43760D-06 0.23017D-06
   27    0 -.12673D-06 0.00000D+00
   27    1 -.43760D-06 0.23017D-06
   27    2 0.28300D-06 -.14039D-07
   27    3 -.13002D-06 0.70167D-08
   27    4 0.25134D-06 0.40593D-06
   27    5 -.29224D-06 0.42637D-07
   27    6 0.24633D-06 -.46797D-07
   27    7 -.39783D-06 0.55386D-06
   27    8 0.16256D-07 -.13076D-07
   27    9 -.19181D-06 -.31914D-06
   27   10 0.18652D-07 -.42366D-06
   27   11 -.17150D-06 -.13116D-06
   27   12 0.14686D-06 -.96386D-07
   27   13 0.15628D-06 0.16738D-07
   27   14 0.59618D-07 -.10848D-06
   27   15 0.51070D-07 -.18604D-06
   27   16 -.11296D-06 0.17498D-06
   27   17 0.86247D-07 0.34183D-07
   27   18 -.14816D-06 0.26984D-06
   27   19 0.31282D-07 -.26194D-06
   27   20 -.20747D-06 0.20694D-06
   27   21 -.10334D-06 -.18473D-06
   27   22 -.21041D-06 -.23908D-07
   27   23 0.23662D-07 -.21430D-06
   27   24 0.23877D-06 -.46086D-07
   27   25 -.22402D-06 -.13618D-06
   27   26 0.20090D-06 0.14307D-06
   27   27 0.28334D-07 0.47963D-07
   28  -28 -.15164D-06 -.53170D-07
   28  -27 0.63916D-08 -.90982D-07
   28  -26 0.31061D-06 0.60781D-07
   28  -25 0.31310D-06 -.39150D-07
   28  -24 0.61182D-07 -.16105D-06
   28  -23 -.38080D-07 0.26398D-07
   28  -22 0.15595D-06 -.21502D-06
   28  -21 -.26091D-07 -.12552D-06
   28  -20 0.69820D-07 -.43440D-06
   28  -19 -.15039D-06 -.26805D-06
   28  -18 0.18987D-07 -.53140D-07
   28  -17 -.17917D-08 -.15795D-06
   28  -16 -.18423D-07 -.26644D-06
   28  -15 0.13009D-06 -.13922D-06
   28  -14 -.20135D-06 0.14546D-06
   28  -13 0.26991D-06 -.12286D-06
   28  -12 -.82742D-07 -.23201D-06
   28  -11 0.25915D-06 -.30494D-07
   28  -10 -.46313D-06 -.27020D-07
   28   -9 -.13809D-07 0.11599D-07
   28   -8 0.82393D-07 -.32209D-06
   28   -7 -.11088D-06 0.30011D-06
   28   -6 -.17630D-06 0.10360D-06
   28   -5 -.36639D-06 0.22547D-06
   28   -4 -.31725D-07 0.48379D-07
   28   -3 -.29548D-06 0.79992D-07
   28   -2 0.15246D-06 0.14241D-06
   28   -1 0.24568D-06 0.29706D-06
   28    0 -.37824D-06 0.00000D+00
   28    1 -.24568D-06 0.29706D-06
   28    2 0.15246D-06 -.14241D-06
   28    3 0.29548D-06 0.79992D-07
   28    4 -.31725D-07 -.48379D-07
   28    5 0.36639D-06 0.22547D-06
   28    6 -.17630D-06 -.10360D-06
   28    7 0.11088D-06 0.30011D-06
   28    8 0.82393D-07 0.32209D-06
   28    9 0.13809D-07 0.11599D-07
   28   10 -.46313D-06 0.27020D-07
   28   11 -.25915D-06 -.30494D-07
   28   12 -.82742D-07 0.23201D-06
   28   13 -.26991D-06 -.12286D-06
   28   14 -.20135D-06 -.14546D-06
   28   15 -.13009D-06 -.13922D-06
   28   16 -.18423D-07 0.26644D-06
   28   17 0.17917D-08 -.15795D-06
   28   18 0.18987D-07 0.53140D-07
   28   19 0.15039D-06 -.26805D-06
   28   20 0.69820D-07 0.43440D-06
   28   21 0.26091D-07 -.12552D-06
   28   22 0.15595D-06 0.21502D-06
   28   23 0.38080D-07 0.26398D-07
   28   24 0.61182D-07 0.16105D-06
   28   25 -.31310D-06 -.39150D-07
   28   26 0.31061D-06 -.60781D-07
   28   27 -.63916D-08 -.90982D-07
   28   28 -.15164D-06 0.53170D-07
   29  -29 -.14896D-06 -.59336D-07
   29  -28 -.17291D-06 -.22954D-07
   29  -27 0.38187D-06 0.15969D-06
   29  -26 0.24405D-06 -.80434D-07
   29  -25 0.17039D-06 -.37504D-07
   29  -24 0.92577D-07 0.60640D-07
   29  -23 0.17224D-06 -.43789D-07
   29  -22 0.17349D-06 -.28632D-07
   29  -21 0.14511D-06 -.38855D-06
   29  -20 -.11749D-07 -.13272D-06
   29  -19 0.13047D-06 -.21391D-07
   29  -18 0.47227D-07 -.17067D-06
   29  -17 0.54020D-07 -.24911D-06
   29  -16 0.11285D-06 -.20453D-06
   29  -15 -.14112D-06 0.18785D-06
   29  -14 0.21330D-08 -.16657D-07
   29  -13 0.35670D-07 -.10807D-06
   29  -12 0.26262D-06 -.75375D-07
   29  -11 -.45833D-06 0.92104D-07
   29  -10 -.60958D-07 0.26978D-06
   29   -9 -.23516D-07 0.80335D-07
   29   -8 0.76699D-08 0.35351D-06
   29   -7 -.21227D-06 0.84921D-07
   29   -6 -.63961D-07 0.20535D-06
   29   -5 0.60846D-07 -.61627D-07
   29   -4 -.15536D-06 0.54469D-06
   29   -3 0.22191D-06 0.33572D-06
   29   -2 -.51355D-07 -.56453D-07
   29   -1 0.24081D-06 0.16320D-06
   29    0 -.22192D-06 0.00000D+00
   29    1 -.24081D-06 0.16320D-06
   29    2 -.51355D-07 0.56453D-07
   29    3 -.22191D-06 0.33572D-06
   29    4 -.15536D-06 -.54469D-06
   29    5 -.60846D-07 -.61627D-07
   29    6 -.63961D-07 -.20535D-06
   29    7 0.21227D-06 0.84921D-07
   29    8 0.76699D-08 -.35351D-06
   29    9 0.23516D-07 0.80335D-07
   29   10 -.60958D-07 -.26978D-06
   29   11 0.45833D-06 0.92104D-07
   29   12 0.26262D-06 0.75375D-07
   29   13 -.35670D-07 -.10807D-06
   29   14 0.21330D-08 0.16657D-07
   29   15 0.14112D-06 0.18785D-06
   29   16 0.11285D-06 0.20453D-06
   29   17 -.54020D-07 -.24911D-06
   29   18 0.47227D-07 0.17067D-06
   29   19 -.13047D-06 -.21391D-07
   29   20 -.11749D-07 0.13272D-06
   29   21 -.14511D-06 -.38855D-06
   29   22 0.17349D-06 0.28632D-07
   29   23 -.17224D-06 -.43789D-07
   29   24 0.92577D-07 -.60640D-07
   29   25 -.17039D-06 -.37504D-07
   29   26 0.24405D-06 0.80434D-07
   29   27 -.38187D-06 0.15969D-06
   29   28 -.17291D-06 0.22954D-07
   29   29 0.14896D-06 -.59336D-07
   30  -30 -.53298D-07 0.19582D-07
   30  -29 -.25468D-06 0.16557D-07
   30  -28 0.39064D-06 0.14576D-06
   30  -27 0.11078D-06 -.78083D-07
   30  -26 0.25920D-06 0.41413D-07
   30  -25 0.10502D-06 0.11551D-06
   30  -24 0.15751D-06 0.19903D-06
   30  -23 0.27806D-06 0.46298D-07
   30  -22 0.12724D-06 -.20888D-06
   30  -21 0.18743D-06 0.22025D-07
   30  -20 0.15063D-06 0.29400D-07
   30  -19 0.67351D-07 -.55704D-07
   30  -18 0.25679D-07 -.16615D-06
   30  -17 0.11312D-06 -.76507D-07
   30  -16 0.46443D-07 0.25750D-06
   30  -15 0.16954D-07 -.18907D-07
   30  -14 0.70386D-07 -.24082D-07
   30  -13 0.13785D-06 -.21406D-06
   30  -12 -.15093D-06 0.30638D-06
   30  -11 0.77771D-07 -.18184D-06
   30  -10 -.28801D-07 0.68157D-07
   30   -9 0.19521D-06 0.17799D-08
   30   -8 -.25614D-06 -.35220D-06
   30   -7 -.12534D-06 -.15994D-06
   30   -6 -.61221D-07 0.31665D-07
   30   -5 -.49741D-08 0.76388D-07
   30   -4 -.32313D-06 -.15605D-06
   30   -3 -.11618D-06 -.73313D-07
   30   -2 -.42680D-06 -.26806D-06
   30   -1 -.58631D-07 -.74063D-07
   30    0 0.30067D-06 0.00000D+00
   30    1 0.58631D-07 -.74063D-07
   30    2 -.42680D-06 0.26806D-06
   30    3 0.11618D-06 -.73313D-07
   30    4 -.32313D-06 0.15605D-06
   30    5 0.49741D-08 0.76388D-07
   30    6 -.61221D-07 -.31665D-07
   30    7 0.12534D-06 -.15994D-06
   30    8 -.25614D-06 0.35220D-06
   30    9 -.19521D-06 0.17799D-08
   30   10 -.28801D-07 -.68157D-07
   30   11 -.77771D-07 -.18184D-06
   30   12 -.15093D-06 -.30638D-06
   30   13 -.13785D-06 -.21406D-06
   30   14 0.70386D-07 0.24082D-07
   30   15 -.16954D-07 -.18907D-07
   30   16 0.46443D-07 -.25750D-06
   30   17 -.11312D-06 -.76507D-07
   30   18 0.25679D-07 0.16615D-06
   30   19 -.67351D-07 -.55704D-07
   30   20 0.15063D-06 -.29400D-07
   30   21 -.18743D-06 0.22025D-07
   30   22 0.12724D-06 0.20888D-06
   30   23 -.27806D-06 0.46298D-07
   30   24 0.15751D-06 -.19903D-06
   30   25 -.10502D-06 0.11551D-06
   30   26 0.25920D-06 -.41413D-07
   30   27 -.11078D-06 -.78083D-07
   30   28 0.39064D-06 -.14576D-06
   30   29 0.25468D-06 0.16557D-07
   30   30 -.53298D-07 -.19582D-07
   31  -31 0.56563D-07 0.12241D-06
   31  -30 -.22361D-06 0.10992D-07
   31  -29 0.32506D-06 0.73981D-07
   31  -28 0.12603D-07 -.60605D-07
   31  -27 0.30194D-06 0.17878D-07
   31  -26 0.17376D-07 0.16667D-06
   31  -25 0.13579D-06 0.35957D-06
   31  -24 0.22697D-06 0.73703D-07
   31  -23 0.95836D-07 -.60546D-08
   31  -22 0.20353D-06 0.75098D-07
   31  -21 0.13650D-06 0.18887D-06
   31  -20 0.10130D-06 0.63657D-07
   31  -19 -.63832D-07 -.54003D-08
   31  -18 0.70580D-07 -.37084D-07
   31  -17 0.15604D-06 0.24543D-06
   31  -16 -.74053D-09 0.55637D-07
   31  -15 0.48525D-07 -.69173D-07
   31  -14 -.92977D-07 -.84026D-07
   31  -13 -.66830D-07 0.16004D-06
   31  -12 -.78229D-07 -.42262D-07
   31  -11 0.16498D-07 0.56071D-08
   31  -10 0.29261D-07 -.24888D-06
   31   -9 -.50181D-06 0.13733D-06
   31   -8 -.29197D-07 -.10660D-06
   31   -7 -.19914D-06 -.46142D-06
   31   -6 0.55477D-07 0.14677D-06
   31   -5 -.30042D-06 0.11864D-06
   31   -4 -.99215D-07 0.11224D-06
   31   -3 -.22846D-06 -.29662D-06
   31   -2 -.34338D-06 0.44565D-07
   31   -1 -.84656D-07 -.28825D-07
   31    0 0.17881D-07 0.00000D+00
   31    1 0.84656D-07 -.28825D-07
   31    2 -.34338D-06 -.44565D-07
   31    3 0.22846D-06 -.29662D-06
   31    4 -.99215D-07 -.11224D-06
   31    5 0.30042D-06 0.11864D-06
   31    6 0.55477D-07 -.14677D-06
   31    7 0.19914D-06 -.46142D-06
   31    8 -.29197D-07 0.10660D-06
   31    9 0.50181D-06 0.13733D-06
   31   10 0.29261D-07 0.24888D-06
   31   11 -.16498D-07 0.56071D-08
   31   12 -.78229D-07 0.42262D-07
   31   13 0.66830D-07 0.16004D-06
   31   14 -.92977D-07 0.84026D-07
   31   15 -.48525D-07 -.69173D-07
   31   16 -.74053D-09 -.55637D-07
   31   17 -.15604D-06 0.24543D-06
   31   18 0.70580D-07 0.37084D-07
   31   19 0.63832D-07 -.54003D-08
   31   20 0.10130D-06 -.63657D-07
   31   21 -.13650D-06 0.18887D-06
   31   22 0.20353D-06 -.75098D-07
   31   23 -.95836D-07 -.60546D-08
   31   24 0.22697D-06 -.73703D-07
   31   25 -.13579D-06 0.35957D-06
   31   26 0.17376D-07 -.16667D-06
   31   27 -.30194D-06 0.17878D-07
   31   28 0.12603D-07 0.60605D-07
   31   29 -.32506D-06 0.73981D-07
   31   30 -.22361D-06 -.10992D-07
   31   31 -.56563D-07 0.12241D-06
   32  -32 0.10468D-06 0.18038D-06
   32  -31 -.12656D-06 -.23035D-07
   32  -30 0.20879D-06 0.20434D-07
   32  -29 0.22203D-08 -.60393D-07
   32  -28 0.29904D-06 -.83473D-07
   32  -27 -.72811D-07 0.18617D-06
   32  -26 0.11083D-06 0.34771D-06
   32  -25 0.82397D-07 0.58574D-07
   32  -24 0.59956D-07 0.77068D-07
   32  -23 0.93832D-07 0.50259D-07
   32  -22 0.35503D-07 0.27482D-06
   32  -21 0.14014D-06 0.12183D-06
   32  -20 -.17890D-06 0.55617D-07
   32  -19 -.53536D-07 -.28147D-07
   32  -18 0.18059D-06 0.20107D-06
   32  -17 -.39633D-07 0.17192D-06
   32  -16 0.32357D-08 -.59556D-07
   32  -15 -.88840D-07 0.65818D-08
   32  -14 0.49186D-07 0.18596D-06
   32  -13 -.21913D-06 0.61415D-07
   32  -12 0.22382D-06 0.30823D-07
   32  -11 0.35038D-07 -.28259D-07
   32  -10 0.39363D-08 0.24952D-07
   32   -9 -.18520D-07 -.13400D-06
   32   -8 0.79198D-07 0.22360D-06
   32   -7 0.25871D-06 -.13120D-06
   32   -6 -.57203D-07 -.29851D-07
   32   -5 0.23818D-06 -.38971D-06
   32   -4 0.12622D-07 -.25339D-06
   32   -3 0.16802D-06 0.92205D-07
   32   -2 0.24445D-07 0.14271D-06
   32   -1 -.43895D-07 -.29794D-06
   32    0 0.22349D-06 0.00000D+00
   32    1 0.43895D-07 -.29794D-06
   32    2 0.24445D-07 -.14271D-06
   32    3 -.16802D-06 0.92205D-07
   32    4 0.12622D-07 0.25339D-06
   32    5 -.23818D-06 -.38971D-06
   32    6 -.57203D-07 0.29851D-07
   32    7 -.25871D-06 -.13120D-06
   32    8 0.79198D-07 -.22360D-06
   32    9 0.18520D-07 -.13400D-06
   32   10 0.39363D-08 -.24952D-07
   32   11 -.35038D-07 -.28259D-07
   32   12 0.22382D-06 -.30823D-07
   32   13 0.21913D-06 0.61415D-07
   32   14 0.49186D-07 -.18596D-06
   32   15 0.88840D-07 0.65818D-08
   32   16 0.32357D-08 0.59556D-07
   32   17 0.39633D-07 0.17192D-06
   32   18 0.18059D-06 -.20107D-06
   32   19 0.53536D-07 -.28147D-07
   32   20 -.17890D-06 -.55617D-07
   32   21 -.14014D-06 0.12183D-06
   32   22 0.35503D-07 -.27482D-06
   32   23 -.93832D-07 0.50259D-07
   32   24 0.59956D-07 -.77068D-07
   32   25 -.82397D-07 0.58574D-07
   32   26 0.11083D-06 -.34771D-06
   32   27 0.72811D-07 0.18617D-06
   32   28 0.29904D-06 0.83473D-07
   32   29 -.22203D-08 -.60393D-07
   32   30 0.20879D-06 -.20434D-07
   32   31 0.12656D-06 -.23035D-07
   32   32 0.10468D-06 -.18038D-06
   33  -33 0.59771D-07 0.15890D-06
   33  -32 -.35305D-07 -.52137D-07
   33  -31 0.83856D-07 0.31832D-07
   33  -30 0.58903D-07 -.92697D-07
   33  -29 0.27950D-06 -.18789D-06
   33  -28 -.88313D-07 0.15354D-06
   33  -27 0.10215D-06 0.18914D-06
   33  -26 -.79079D-07 0.24321D-07
   33  -25 0.62194D-07 0.22328D-07
   33  -24 -.60657D-07 -.25099D-07
   33  -23 0.91656D-08 0.23792D-06
   33  -22 -.50333D-08 0.38808D-07
   33  -21 -.18626D-06 0.97946D-07
   33  -20 -.12542D-06 -.71275D-07
   33  -19 0.11913D-06 0.13331D-06
   33  -18 -.28810D-07 0.18053D-06
   33  -17 -.15130D-06 -.10216D-06
   33  -16 -.27996D-07 0.41275D-07
   33  -15 0.14311D-06 0.11087D-06
   33  -14 -.12578D-06 0.11325D-06
   33  -13 0.52143D-07 -.28039D-06
   33  -12 0.26083D-07 -.35758D-07
   33  -11 0.12056D-06 0.68690D-07
   33  -10 -.45289D-07 -.29094D-06
   33   -9 0.13987D-06 -.49146D-07
   33   -8 0.27565D-06 -.22381D-06
   33   -7 -.59562D-07 -.11613D-06
   33   -6 0.29416D-07 -.34125D-06
   33   -5 0.66535D-07 -.93035D-07
   33   -4 0.21314D-06 -.26264D-06
   33   -3 -.11673D-06 -.15230D-07
   33   -2 0.19067D-06 -.11064D-06
   33   -1 -.32686D-06 -.27935D-06
   33    0 -.24230D-06 0.00000D+00
   33    1 0.32686D-06 -.27935D-06
   33    2 0.19067D-06 0.11064D-06
   33    3 0.11673D-06 -.15230D-07
   33    4 0.21314D-06 0.26264D-06
   33    5 -.66535D-07 -.93035D-07
   33    6 0.29416D-07 0.34125D-06
   33    7 0.59562D-07 -.11613D-06
   33    8 0.27565D-06 0.22381D-06
   33    9 -.13987D-06 -.49146D-07
   33   10 -.45289D-07 0.29094D-06
   33   11 -.12056D-06 0.68690D-07
   33   12 0.26083D-07 0.35758D-07
   33   13 -.52143D-07 -.28039D-06
   33   14 -.12578D-06 -.11325D-06
   33   15 -.14311D-06 0.11087D-06
   33   16 -.27996D-07 -.41275D-07
   33   17 0.15130D-06 -.10216D-06
   33   18 -.28810D-07 -.18053D-06
   33   19 -.11913D-06 0.13331D-06
   33   20 -.12542D-06 0.71275D-07
   33   21 0.18626D-06 0.97946D-07
   33   22 -.50333D-08 -.38808D-07
   33   23 -.91656D-08 0.23792D-06
   33   24 -.60657D-07 0.25099D-07
   33   25 -.62194D-07 0.22328D-07
   33   26 -.79079D-07 -.24321D-07
   33   27 -.10215D-06 0.18914D-06
   33   28 -.88313D-07 -.15354D-06
   33   29 -.27950D-06 -.18789D-06
   33   30 0.58903D-07 0.92697D-07
   33   31 -.83856D-07 0.31832D-07
   33   32 -.35305D-07 0.52137D-07
   33   33 -.59771D-07 0.15890D-06
   34  -34 -.51719D-07 0.73726D-07
   34  -33 -.20130D-08 -.50462D-07
   34  -32 -.13372D-07 0.10229D-06
   34  -31 0.11695D-06 -.14733D-06
   34  -30 0.27360D-06 -.22842D-06
   34  -29 -.10796D-07 0.76992D-07
   34  -28 0.10398D-06 -.80740D-08
   34  -27 -.14348D-06 0.21256D-09
   34  -26 0.73724D-07 -.10619D-06
   34  -25 -.10878D-06 -.10122D-06
   34  -24 0.16005D-07 0.54241D-07
   34  -23 -.12296D-06 -.48498D-07
   34  -22 -.20417D-06 0.49213D-07
   34  -21 -.11433D-06 -.10088D-06
   34  -20 0.42658D-07 0.18741D-08
   34  -19 -.37528D-07 0.60018D-07
   34  -18 -.21485D-06 -.10287D-06
   34  -17 -.35720D-08 -.53344D-07
   34  -16 0.15670D-06 0.20362D-07
   34  -15 -.41209D-07 0.15824D-06
   34  -14 -.13279D-06 -.23950D-06
   34  -13 -.21029D-08 0.11787D-07
   34  -12 0.30330D-07 0.44364D-07
   34  -11 -.69520D-07 0.27953D-06
   34  -10 0.14395D-06 -.99375D-07
   34   -9 0.36348D-09 -.42445D-08
   34   -8 0.97973D-08 0.28458D-06
   34   -7 -.88980D-07 0.11139D-07
   34   -6 0.17759D-06 -.12021D-06
   34   -5 0.81004D-07 0.98759D-07
   34   -4 0.15913D-06 0.46518D-06
   34   -3 0.13203D-06 -.66108D-07
   34   -2 0.28714D-06 -.66898D-07
   34   -1 -.12112D-06 0.15456D-06
   34    0 -.32058D-07 0.00000D+00
   34    1 0.12112D-06 0.15456D-06
   34    2 0.28714D-06 0.66898D-07
   34    3 -.13203D-06 -.66108D-07
   34    4 0.15913D-06 -.46518D-06
   34    5 -.81004D-07 0.98759D-07
   34    6 0.17759D-06 0.12021D-06
   34    7 0.88980D-07 0.11139D-07
   34    8 0.97973D-08 -.28458D-06
   34    9 -.36348D-09 -.42445D-08
   34   10 0.14395D-06 0.99375D-07
   34   11 0.69520D-07 0.27953D-06
   34   12 0.30330D-07 -.44364D-07
   34   13 0.21029D-08 0.11787D-07
   34   14 -.13279D-06 0.23950D-06
   34   15 0.41209D-07 0.15824D-06
   34   16 0.15670D-06 -.20362D-07
   34   17 0.35720D-08 -.53344D-07
   34   18 -.21485D-06 0.10287D-06
   34   19 0.37528D-07 0.60018D-07
   34   20 0.42658D-07 -.18741D-08
   34   21 0.11433D-06 -.10088D-06
   34   22 -.20417D-06 -.49213D-07
   34   23 0.12296D-06 -.48498D-07
   34   24 0.16005D-07 -.54241D-07
   34   25 0.10878D-06 -.10122D-06
   34   26 0.73724D-07 0.10619D-06
   34   27 0.14348D-06 0.21256D-09
   34   28 0.10398D-06 0.80740D-08
   34   29 0.10796D-07 0.76992D-07
   34   30 0.27360D-06 0.22842D-06
   34   31 -.11695D-06 -.14733D-06
   34   32 -.13372D-07 -.10229D-06
   34   33 0.20130D-08 -.50462D-07
   34   34 -.51719D-07 -.73726D-07
   35  -35 -.16554D-06 -.24435D-07
   35  -34 -.33673D-07 -.15920D-07
   35  -33 -.68350D-07 0.18541D-06
   35  -32 0.11466D-06 -.19842D-06
   35  -31 0.29461D-06 -.18585D-06
   35  -30 0.10684D-06 -.14934D-07
   35  -29 0.12609D-06 -.13143D-06
   35  -28 -.10651D-06 -.13285D-07
   35  -27 0.12305D-06 -.20254D-06
   35  -26 -.84892D-07 -.14017D-06
   35  -25 0.92408D-07 -.15293D-06
   35  -24 -.15454D-06 -.96572D-07
   35  -23 -.93318D-07 -.11292D-07
   35  -22 -.19276D-06 -.18043D-06
   35  -21 0.41966D-07 -.13028D-06
   35  -20 0.48793D-07 -.64472D-07
   35  -19 -.21117D-06 -.68744D-07
   35  -18 -.40903D-07 -.10072D-06
   35  -17 0.81041D-07 -.89230D-07
   35  -16 0.82130D-07 0.15989D-06
   35  -15 -.17907D-06 -.12146D-06
   35  -14 0.91228D-07 -.42294D-07
   35  -13 0.35125D-07 0.45384D-07
   35  -12 0.58129D-07 0.21740D-06
   35  -11 0.81063D-07 -.88021D-07
   35  -10 0.64639D-07 0.98647D-07
   35   -9 0.32325D-06 -.16570D-06
   35   -8 -.39220D-07 0.31521D-07
   35   -7 0.27835D-06 0.44288D-06
   35   -6 0.15462D-06 0.90954D-08
   35   -5 0.80480D-07 0.12050D-06
   35   -4 0.16136D-06 -.24235D-06
   35   -3 0.27881D-06 -.17643D-06
   35   -2 0.22375D-06 0.81889D-07
   35   -1 0.17756D-06 0.24782D-06
   35    0 -.55042D-07 0.00000D+00
   35    1 -.17756D-06 0.24782D-06
   35    2 0.22375D-06 -.81889D-07
   35    3 -.27881D-06 -.17643D-06
   35    4 0.16136D-06 0.24235D-06
   35    5 -.80480D-07 0.12050D-06
   35    6 0.15462D-06 -.90954D-08
   35    7 -.27835D-06 0.44288D-06
   35    8 -.39220D-07 -.31521D-07
   35    9 -.32325D-06 -.16570D-06
   35   10 0.64639D-07 -.98647D-07
   35   11 -.81063D-07 -.88021D-07
   35   12 0.58129D-07 -.21740D-06
   35   13 -.35125D-07 0.45384D-07
   35   14 0.91228D-07 0.42294D-07
   35   15 0.17907D-06 -.12146D-06
   35   16 0.82130D-07 -.15989D-06
   35   17 -.81041D-07 -.89230D-07
   35   18 -.40903D-07 0.10072D-06
   35   19 0.21117D-06 -.68744D-07
   35   20 0.48793D-07 0.64472D-07
   35   21 -.41966D-07 -.13028D-06
   35   22 -.19276D-06 0.18043D-06
   35   23 0.93318D-07 -.11292D-07
   35   24 -.15454D-06 0.96572D-07
   35   25 -.92408D-07 -.15293D-06
   35   26 -.84892D-07 0.14017D-06
   35   27 -.12305D-06 -.20254D-06
   35   28 -.10651D-06 0.13285D-07
   35   29 -.12609D-06 -.13143D-06
   35   30 0.10684D-06 0.14934D-07
   35   31 -.29461D-06 -.18585D-06
   35   32 0.11466D-06 0.19842D-06
   35   33 0.68350D-07 0.18541D-06
   35   34 -.33673D-07 0.15920D-07
   35   35 0.16554D-06 -.24435D-07
   36  -36 -.21868D-06 -.83897D-07
   36  -35 -.95745D-07 0.30591D-07
   36  -34 -.90911D-07 0.22816D-06
   36  -33 0.35500D-07 -.22150D-06
   36  -32 0.32732D-06 -.91357D-07
   36  -31 0.19916D-06 -.85896D-07
   36  -30 0.16301D-06 -.13653D-06
   36  -29 -.11535D-07 -.82952D-08
   36  -28 0.15507D-06 -.19055D-06
   36  -27 0.52874D-07 -.10726D-06
   36  -26 0.12911D-06 -.27433D-06
   36  -25 0.39271D-09 -.90064D-07
   36  -24 -.25918D-07 -.53180D-07
   36  -23 -.14799D-06 -.16807D-06
   36  -22 -.21255D-07 -.22809D-06
   36  -21 0.14625D-06 -.89430D-07
   36  -20 -.13391D-06 0.24882D-07
   36  -19 -.84857D-07 -.19003D-06
   36  -18 0.78375D-07 -.16186D-06
   36  -17 0.21890D-06 0.88352D-08
   36  -16 -.19016D-06 0.40953D-08
   36  -15 0.48920D-07 -.11612D-06
   36  -14 -.51666D-07 0.91640D-07
   36  -13 0.12166D-06 0.12313D-06
   36  -12 -.22001D-06 -.18832D-06
   36  -11 0.49323D-07 0.21266D-07
   36  -10 -.25520D-07 -.32989D-07
   36   -9 -.16872D-06 0.18059D-06
   36   -8 -.11159D-06 -.59755D-07
   36   -7 -.10514D-06 0.20954D-06
   36   -6 -.13003D-06 0.71782D-07
   36   -5 -.29177D-06 0.19544D-06
   36   -4 0.90421D-07 -.14500D-06
   36   -3 -.17195D-06 0.44197D-07
   36   -2 -.64500D-07 0.25110D-06
   36   -1 0.17181D-06 0.20557D-06
   36    0 -.15768D-06 0.00000D+00
   36    1 -.17181D-06 0.20557D-06
   36    2 -.64500D-07 -.25110D-06
   36    3 0.17195D-06 0.44197D-07
   36    4 0.90421D-07 0.14500D-06
   36    5 0.29177D-06 0.19544D-06
   36    6 -.13003D-06 -.71782D-07
   36    7 0.10514D-06 0.20954D-06
   36    8 -.11159D-06 0.59755D-07
   36    9 0.16872D-06 0.18059D-06
   36   10 -.25520D-07 0.32989D-07
   36   11 -.49323D-07 0.21266D-07
   36   12 -.22001D-06 0.18832D-06
   36   13 -.12166D-06 0.12313D-06
   36   14 -.51666D-07 -.91640D-07
   36   15 -.48920D-07 -.11612D-06
   36   16 -.19016D-06 -.40953D-08
   36   17 -.21890D-06 0.88352D-08
   36   18 0.78375D-07 0.16186D-06
   36   19 0.84857D-07 -.19003D-06
   36   20 -.13391D-06 -.24882D-07
   36   21 -.14625D-06 -.89430D-07
   36   22 -.21255D-07 0.22809D-06
   36   23 0.14799D-06 -.16807D-06
   36   24 -.25918D-07 0.53180D-07
   36   25 -.39271D-09 -.90064D-07
   36   26 0.12911D-06 0.27433D-06
   36   27 -.52874D-07 -.10726D-06
   36   28 0.15507D-06 0.19055D-06
   36   29 0.11535D-07 -.82952D-08
   36   30 0.16301D-06 0.13653D-06
   36   31 -.19916D-06 -.85896D-07
   36   32 0.32732D-06 0.91357D-07
   36   33 -.35500D-07 -.22150D-06
   36   34 -.90911D-07 -.22816D-06
   36   35 0.95745D-07 0.30591D-07
   36   36 -.21868D-06 0.83897D-07
