    0   36
    0    0 0.59438D-05 0.00000D+00
    1   -1 -.10074D-04 0.86987D-06
    1    0 0.54594D-05 0.00000D+00
    1    1 0.10074D-04 0.86987D-06
    2   -2 0.99654D-04 0.26515D-03
    2   -1 0.87497D-03 -.44466D-03
    2    0 0.12187D-03 0.00000D+00
    2    1 -.87497D-03 -.44466D-03
    2    2 0.99654D-04 -.26515D-03
    3   -3 0.46546D-04 0.50530D-03
    3   -2 -.60962D-04 -.42109D-03
    3   -1 0.13945D-03 0.53806D-03
    3    0 0.76087D-04 0.00000D+00
    3    1 -.13945D-03 0.53806D-03
    3    2 -.60962D-04 0.42109D-03
    3    3 -.46546D-04 0.50530D-03
    4   -4 -.54875D-05 0.35250D-04
    4   -3 0.12297D-03 0.31685D-03
    4   -2 -.16306D-03 0.16065D-03
    4   -1 0.33422D-04 -.13507D-03
    4    0 -.22170D-03 0.00000D+00
    4    1 -.33422D-04 -.13507D-03
    4    2 -.16306D-03 -.16065D-03
    4    3 -.12297D-03 0.31685D-03
    4    4 -.54875D-05 -.35250D-04
    5   -5 -.18429D-03 0.13574D-03
    5   -4 0.88489D-04 0.19542D-03
    5   -3 0.89810D-04 -.19435D-03
    5   -2 0.17389D-03 0.14293D-03
    5   -1 -.12366D-03 -.24097D-03
    5    0 0.35566D-03 0.00000D+00
    5    1 0.12366D-03 -.24097D-03
    5    2 0.17389D-03 -.14293D-03
    5    3 -.89810D-04 -.19435D-03
    5    4 0.88489D-04 -.19542D-03
    5    5 0.18429D-03 0.13574D-03
    6   -6 -.20237D-03 0.13415D-03
    6   -5 0.17853D-03 -.14643D-03
    6   -4 0.14108D-03 0.25758D-03
    6   -3 0.10183D-03 0.90725D-04
    6   -2 0.67183D-04 -.12220D-03
    6   -1 -.19609D-04 0.26952D-03
    6    0 0.26491D-03 0.00000D+00
    6    1 0.19609D-04 0.26952D-03
    6    2 0.67183D-04 0.12220D-03
    6    3 -.10183D-03 0.90725D-04
    6    4 0.14108D-03 -.25758D-03
    6    5 -.17853D-03 -.14643D-03
    6    6 -.20237D-03 -.13415D-03
    7   -7 0.56780D-04 -.26228D-03
    7   -6 -.55311D-04 -.16186D-03
    7   -5 0.37219D-03 0.44477D-04
    7   -4 0.11599D-03 -.17427D-03
    7   -3 0.11493D-04 0.11815D-03
    7   -2 0.51127D-04 -.11228D-03
    7   -1 -.35970D-03 -.69963D-04
    7    0 -.38990D-03 0.00000D+00
    7    1 0.35970D-03 -.69963D-04
    7    2 0.51127D-04 0.11228D-03
    7    3 -.11493D-04 0.11815D-03
    7    4 0.11599D-03 0.17427D-03
    7    5 -.37219D-03 0.44477D-04
    7    6 -.55311D-04 0.16186D-03
    7    7 -.56780D-04 -.26228D-03
    8   -8 0.39214D-04 0.18893D-03
    8   -7 0.17684D-03 -.88003D-04
    8   -6 0.35738D-03 -.28537D-04
    8   -5 0.13989D-03 0.42921D-03
    8   -4 -.13068D-03 0.14946D-03
    8   -3 -.17854D-03 0.14625D-03
    8   -2 -.32395D-03 -.85276D-04
    8   -1 0.22778D-04 -.18200D-03
    8    0 0.95359D-04 0.00000D+00
    8    1 -.22778D-04 -.18200D-03
    8    2 -.32395D-03 0.85276D-04
    8    3 0.17854D-03 0.14625D-03
    8    4 -.13068D-03 -.14946D-03
    8    5 -.13989D-03 0.42921D-03
    8    6 0.35738D-03 0.28537D-04
    8    7 -.17684D-03 -.88003D-04
    8    8 0.39214D-04 -.18893D-03
    9   -9 -.34103D-03 0.70808D-04
    9   -8 0.14127D-03 -.16704D-03
    9   -7 -.11558D-03 0.57435D-04
    9   -6 0.33818D-03 -.71168D-04
    9   -5 -.16323D-04 -.15873D-03
    9   -4 -.22078D-04 0.70176D-04
    9   -3 0.33863D-03 -.10807D-03
    9   -2 -.26028D-03 0.18092D-03
    9   -1 -.28358D-03 0.51411D-04
    9    0 0.24424D-03 0.00000D+00
    9    1 0.28358D-03 0.51411D-04
    9    2 -.26028D-03 -.18092D-03
    9    3 -.33863D-03 -.10807D-03
    9    4 -.22078D-04 -.70176D-04
    9    5 0.16323D-04 -.15873D-03
    9    6 0.33818D-03 0.71168D-04
    9    7 0.11558D-03 0.57435D-04
    9    8 0.14127D-03 0.16704D-03
    9    9 0.34103D-03 0.70808D-04
   10  -10 -.66658D-05 -.25448D-03
   10   -9 -.28449D-04 0.20309D-03
   10   -8 -.15244D-03 -.99803D-04
   10   -7 -.82366D-04 -.23885D-03
   10   -6 -.12564D-04 0.10293D-03
   10   -5 -.48627D-04 -.58157D-04
   10   -4 -.28363D-04 0.22571D-03
   10   -3 0.16412D-03 0.21956D-03
   10   -2 0.19754D-03 0.39147D-04
   10   -1 0.63804D-04 0.14868D-04
   10    0 0.29733D-04 0.00000D+00
   10    1 -.63804D-04 0.14868D-04
   10    2 0.19754D-03 -.39147D-04
   10    3 -.16412D-03 0.21956D-03
   10    4 -.28363D-04 -.22571D-03
   10    5 0.48627D-04 -.58157D-04
   10    6 -.12564D-04 -.10293D-03
   10    7 0.82366D-04 -.23885D-03
   10    8 -.15244D-03 0.99803D-04
   10    9 0.28449D-04 0.20309D-03
   10   10 -.66658D-05 0.25448D-03
   11  -11 0.12369D-03 -.74743D-04
   11  -10 -.12847D-03 -.77167D-04
   11   -9 0.51061D-04 -.19829D-03
   11   -8 -.52527D-05 0.69124D-04
   11   -7 0.14481D-03 -.17777D-03
   11   -6 -.63892D-04 -.22917D-04
   11   -5 -.81894D-04 0.84693D-04
   11   -4 0.37816D-04 0.31467D-05
   11   -3 -.56268D-04 0.19952D-03
   11   -2 -.13041D-03 -.40023D-04
   11   -1 0.14244D-03 0.71986D-04
   11    0 0.13178D-03 0.00000D+00
   11    1 -.14244D-03 0.71986D-04
   11    2 -.13041D-03 0.40023D-04
   11    3 0.56268D-04 0.19952D-03
   11    4 0.37816D-04 -.31467D-05
   11    5 0.81894D-04 0.84693D-04
   11    6 -.63892D-04 0.22917D-04
   11    7 -.14481D-03 -.17777D-03
   11    8 -.52527D-05 -.69124D-04
   11    9 -.51061D-04 -.19829D-03
   11   10 -.12847D-03 0.77167D-04
   11   11 -.12369D-03 -.74743D-04
   12  -12 -.38999D-04 0.16277D-03
   12  -11 -.28972D-04 -.10967D-03
   12  -10 0.21544D-04 0.10413D-03
   12   -9 -.53780D-04 -.12625D-03
   12   -8 -.49084D-04 -.22952D-04
   12   -7 0.18876D-04 0.20099D-03
   12   -6 -.22970D-03 -.33285D-04
   12   -5 -.22686D-03 0.61451D-04
   12   -4 0.25498D-04 -.30343D-04
   12   -3 0.68076D-05 -.44596D-04
   12   -2 -.81145D-04 -.12655D-03
   12   -1 0.41218D-05 -.10134D-03
   12    0 -.71256D-04 0.00000D+00
   12    1 -.41218D-05 -.10134D-03
   12    2 -.81145D-04 0.12655D-03
   12    3 -.68076D-05 -.44596D-04
   12    4 0.25498D-04 0.30343D-04
   12    5 0.22686D-03 0.61451D-04
   12    6 -.22970D-03 0.33285D-04
   12    7 -.18876D-04 0.20099D-03
   12    8 -.49084D-04 0.22952D-04
   12    9 0.53780D-04 -.12625D-03
   12   10 0.21544D-04 -.10413D-03
   12   11 0.28972D-04 -.10967D-03
   12   12 -.38999D-04 -.16277D-03
   13  -13 -.64274D-04 0.31473D-04
   13  -12 0.13422D-03 0.91658D-04
   13  -11 -.11877D-03 0.30637D-04
   13  -10 0.20053D-04 -.10137D-04
   13   -9 0.43511D-04 0.10919D-03
   13   -8 -.79582D-04 -.31233D-04
   13   -7 0.52979D-05 -.83522D-04
   13   -6 0.37118D-04 -.95000D-04
   13   -5 0.61214D-04 -.11835D-03
   13   -4 0.13321D-03 -.13453D-03
   13   -3 -.28565D-04 -.80339D-05
   13   -2 0.32972D-04 -.77105D-05
   13   -1 -.71615D-04 -.81408D-04
   13    0 0.19112D-04 0.00000D+00
   13    1 0.71615D-04 -.81408D-04
   13    2 0.32972D-04 0.77105D-05
   13    3 0.28565D-04 -.80339D-05
   13    4 0.13321D-03 0.13453D-03
   13    5 -.61214D-04 -.11835D-03
   13    6 0.37118D-04 0.95000D-04
   13    7 -.52979D-05 -.83522D-04
   13    8 -.79582D-04 0.31233D-04
   13    9 -.43511D-04 0.10919D-03
   13   10 0.20053D-04 0.10137D-04
   13   11 0.11877D-03 0.30637D-04
   13   12 0.13422D-03 -.91658D-04
   13   13 0.64274D-04 0.31473D-04
   14  -14 -.38997D-04 -.16138D-03
   14  -13 -.64715D-04 0.70939D-04
   14  -12 -.62595D-04 -.53582D-04
   14  -11 0.44715D-04 0.52161D-04
   14  -10 -.14410D-03 -.43384D-04
   14   -9 -.68915D-05 0.11164D-03
   14   -8 -.21882D-04 0.14485D-03
   14   -7 -.16283D-03 -.13815D-05
   14   -6 -.73893D-04 0.86155D-04
   14   -5 0.93694D-04 -.90313D-04
   14   -4 0.70724D-04 -.99274D-05
   14   -3 0.42433D-04 -.19894D-04
   14   -2 0.22202D-04 -.53099D-04
   14   -1 -.13708D-03 0.15696D-04
   14    0 -.27987D-04 0.00000D+00
   14    1 0.13708D-03 0.15696D-04
   14    2 0.22202D-04 0.53099D-04
   14    3 -.42433D-04 -.19894D-04
   14    4 0.70724D-04 0.99274D-05
   14    5 -.93694D-04 -.90313D-04
   14    6 -.73893D-04 -.86155D-04
   14    7 0.16283D-03 -.13815D-05
   14    8 -.21882D-04 -.14485D-03
   14    9 0.68915D-05 0.11164D-03
   14   10 -.14410D-03 0.43384D-04
   14   11 -.44715D-04 0.52161D-04
   14   12 -.62595D-04 0.53582D-04
   14   13 0.64715D-04 0.70939D-04
   14   14 -.38997D-04 0.16138D-03
   15  -15 0.92539D-04 0.99086D-04
   15  -14 -.90600D-04 -.28431D-04
   15  -13 0.67773D-04 0.25469D-04
   15  -12 -.11282D-04 -.66654D-04
   15  -11 0.29094D-04 -.26942D-04
   15  -10 0.21480D-05 -.90493D-04
   15   -9 0.37645D-04 -.30024D-04
   15   -8 0.14253D-03 0.37051D-04
   15   -7 -.16888D-04 -.43374D-04
   15   -6 0.31484D-04 0.12645D-03
   15   -5 0.37802D-04 -.81996D-04
   15   -4 -.12609D-03 0.83185D-04
   15   -3 0.39962D-05 -.50145D-04
   15   -2 -.75208D-05 -.54688D-04
   15   -1 -.12945D-05 -.42616D-04
   15    0 0.23045D-04 0.00000D+00
   15    1 0.12945D-05 -.42616D-04
   15    2 -.75208D-05 0.54688D-04
   15    3 -.39962D-05 -.50145D-04
   15    4 -.12609D-03 -.83185D-04
   15    5 -.37802D-04 -.81996D-04
   15    6 0.31484D-04 -.12645D-03
   15    7 0.16888D-04 -.43374D-04
   15    8 0.14253D-03 -.37051D-04
   15    9 -.37645D-04 -.30024D-04
   15   10 0.21480D-05 0.90493D-04
   15   11 -.29094D-04 -.26942D-04
   15   12 -.11282D-04 0.66654D-04
   15   13 -.67773D-04 0.25469D-04
   15   14 -.90600D-04 0.28431D-04
   15   15 -.92539D-04 0.99086D-04
   16  -16 -.43129D-04 -.43534D-04
   16  -15 0.49681D-04 -.42175D-04
   16  -14 -.11546D-03 0.64524D-04
   16  -13 0.34615D-04 0.43426D-04
   16  -12 0.15186D-04 -.17273D-04
   16  -11 -.10553D-03 -.27231D-04
   16  -10 0.10270D-03 -.32343D-05
   16   -9 0.39291D-04 0.90288D-04
   16   -8 0.34934D-04 0.77399D-04
   16   -7 -.16317D-05 0.89101D-04
   16   -6 -.17422D-04 0.13927D-04
   16   -5 0.28655D-04 -.84663D-04
   16   -4 -.12492D-04 0.29784D-04
   16   -3 -.12648D-04 -.35711D-04
   16   -2 -.95388D-04 0.80203D-04
   16   -1 -.44537D-05 -.37180D-04
   16    0 0.78309D-04 0.00000D+00
   16    1 0.44537D-05 -.37180D-04
   16    2 -.95388D-04 -.80203D-04
   16    3 0.12648D-04 -.35711D-04
   16    4 -.12492D-04 -.29784D-04
   16    5 -.28655D-04 -.84663D-04
   16    6 -.17422D-04 -.13927D-04
   16    7 0.16317D-05 0.89101D-04
   16    8 0.34934D-04 -.77399D-04
   16    9 -.39291D-04 0.90288D-04
   16   10 0.10270D-03 0.32343D-05
   16   11 0.10553D-03 -.27231D-04
   16   12 0.15186D-04 0.17273D-04
   16   13 -.34615D-04 0.43426D-04
   16   14 -.11546D-03 -.64524D-04
   16   15 -.49681D-04 -.42175D-04
   16   16 -.43129D-04 0.43534D-04
   17  -17 0.11294D-05 -.56085D-07
   17  -16 0.33483D-05 -.21120D-05
   17  -15 -.38781D-05 -.50211D-05
   17  -14 -.36040D-05 0.44009D-05
   17  -13 0.32742D-05 0.35458D-05
   17  -12 0.20483D-05 -.23424D-05
   17  -11 -.29223D-05 0.69704D-07
   17  -10 0.16829D-05 0.33883D-05
   17   -9 0.64809D-06 0.72590D-06
   17   -8 0.79018D-08 0.70625D-05
   17   -7 0.42010D-05 -.22475D-06
   17   -6 -.25515D-05 -.66643D-06
   17   -5 0.47288D-05 -.12453D-05
   17   -4 -.21684D-05 -.37408D-05
   17   -3 -.43926D-05 0.36320D-05
   17   -2 -.43127D-06 0.66358D-06
   17   -1 0.42852D-05 -.83805D-06
   17    0 0.44916D-05 0.00000D+00
   17    1 -.42852D-05 -.83805D-06
   17    2 -.43127D-06 -.66358D-06
   17    3 0.43926D-05 0.36320D-05
   17    4 -.21684D-05 0.37408D-05
   17    5 -.47288D-05 -.12453D-05
   17    6 -.25515D-05 0.66643D-06
   17    7 -.42010D-05 -.22475D-06
   17    8 0.79018D-08 -.70625D-05
   17    9 -.64809D-06 0.72590D-06
   17   10 0.16829D-05 -.33883D-05
   17   11 0.29223D-05 0.69704D-07
   17   12 0.20483D-05 0.23424D-05
   17   13 -.32742D-05 0.35458D-05
   17   14 -.36040D-05 -.44009D-05
   17   15 0.38781D-05 -.50211D-05
   17   16 0.33483D-05 0.21120D-05
   17   17 -.11294D-05 -.56085D-07
   18  -18 0.43642D-06 0.40602D-06
   18  -17 0.30699D-05 -.33690D-06
   18  -16 -.28361D-06 -.27517D-05
   18  -15 -.19147D-05 0.12817D-05
   18  -14 0.38149D-06 0.18515D-05
   18  -13 0.72019D-06 0.11788D-06
   18  -12 0.69040D-06 0.57179D-06
   18  -11 -.12633D-05 -.12541D-05
   18  -10 -.73738D-06 -.72696D-06
   18   -9 -.33536D-05 -.20266D-05
   18   -8 -.16861D-05 0.25052D-05
   18   -7 -.99167D-06 0.66212D-06
   18   -6 -.31211D-05 0.42331D-05
   18   -5 0.10994D-05 -.63780D-06
   18   -4 0.20449D-05 -.13535D-05
   18   -3 0.37384D-05 -.15763D-05
   18   -2 -.31342D-05 -.90281D-06
   18   -1 -.29527D-05 0.38961D-05
   18    0 0.47232D-05 0.00000D+00
   18    1 0.29527D-05 0.38961D-05
   18    2 -.31342D-05 0.90281D-06
   18    3 -.37384D-05 -.15763D-05
   18    4 0.20449D-05 0.13535D-05
   18    5 -.10994D-05 -.63780D-06
   18    6 -.31211D-05 -.42331D-05
   18    7 0.99167D-06 0.66212D-06
   18    8 -.16861D-05 -.25052D-05
   18    9 0.33536D-05 -.20266D-05
   18   10 -.73738D-06 0.72696D-06
   18   11 0.12633D-05 -.12541D-05
   18   12 0.69040D-06 -.57179D-06
   18   13 -.72019D-06 0.11788D-06
   18   14 0.38149D-06 -.18515D-05
   18   15 0.19147D-05 0.12817D-05
   18   16 -.28361D-06 0.27517D-05
   18   17 -.30699D-05 -.33690D-06
   18   18 0.43642D-06 -.40602D-06
   19  -19 -.27954D-07 0.51668D-06
   19  -18 0.15779D-05 0.10960D-05
   19  -17 0.18513D-05 -.17655D-06
   19  -16 0.34924D-06 -.10160D-05
   19  -15 -.75734D-06 -.19800D-06
   19  -14 -.11332D-06 0.68558D-06
   19  -13 0.93792D-06 0.92874D-06
   19  -12 0.16777D-06 0.50697D-06
   19  -11 0.58797D-06 0.11651D-05
   19  -10 0.19179D-05 0.70697D-06
   19   -9 -.34820D-06 0.32744D-06
   19   -8 -.10307D-06 -.19640D-05
   19   -7 0.33490D-06 -.38219D-05
   19   -6 -.41677D-06 -.87901D-06
   19   -5 -.40522D-06 -.49861D-07
   19   -4 -.17682D-05 0.21943D-05
   19   -3 0.12919D-05 0.81015D-06
   19   -2 0.28691D-05 0.38397D-06
   19   -1 0.44338D-06 0.10445D-05
   19    0 -.38053D-05 0.00000D+00
   19    1 -.44338D-06 0.10445D-05
   19    2 0.28691D-05 -.38397D-06
   19    3 -.12919D-05 0.81015D-06
   19    4 -.17682D-05 -.21943D-05
   19    5 0.40522D-06 -.49861D-07
   19    6 -.41677D-06 0.87901D-06
   19    7 -.33490D-06 -.38219D-05
   19    8 -.10307D-06 0.19640D-05
   19    9 0.34820D-06 0.32744D-06
   19   10 0.19179D-05 -.70697D-06
   19   11 -.58797D-06 0.11651D-05
   19   12 0.16777D-06 -.50697D-06
   19   13 -.93792D-06 0.92874D-06
   19   14 -.11332D-06 -.68558D-06
   19   15 0.75734D-06 -.19800D-06
   19   16 0.34924D-06 0.10160D-05
   19   17 -.18513D-05 -.17655D-06
   19   18 0.15779D-05 -.10960D-05
   19   19 0.27954D-07 0.51668D-06
   20  -20 -.74124D-07 0.30556D-06
   20  -19 -.17899D-06 0.15366D-05
   20  -18 0.19267D-05 0.14478D-05
   20  -17 0.15354D-05 -.14840D-05
   20  -16 -.42312D-06 -.12592D-05
   20  -15 -.70733D-06 0.51162D-07
   20  -14 0.51069D-06 0.32593D-07
   20  -13 -.81699D-06 -.56447D-06
   20  -12 0.86126D-06 0.50701D-06
   20  -11 -.56634D-06 -.26936D-05
   20  -10 -.73927D-06 -.49105D-06
   20   -9 0.52848D-07 -.99328D-06
   20   -8 -.12089D-05 0.77650D-06
   20   -7 0.50067D-06 0.17213D-05
   20   -6 0.75687D-06 -.77585D-06
   20   -5 0.41748D-06 0.47387D-06
   20   -4 0.89462D-06 0.47778D-06
   20   -3 -.17737D-05 0.70868D-06
   20   -2 -.18760D-05 0.24197D-05
   20   -1 0.28770D-05 0.48604D-06
   20    0 0.12226D-05 0.00000D+00
   20    1 -.28770D-05 0.48604D-06
   20    2 -.18760D-05 -.24197D-05
   20    3 0.17737D-05 0.70868D-06
   20    4 0.89462D-06 -.47778D-06
   20    5 -.41748D-06 0.47387D-06
   20    6 0.75687D-06 0.77585D-06
   20    7 -.50067D-06 0.17213D-05
   20    8 -.12089D-05 -.77650D-06
   20    9 -.52848D-07 -.99328D-06
   20   10 -.73927D-06 0.49105D-06
   20   11 0.56634D-06 -.26936D-05
   20   12 0.86126D-06 -.50701D-06
   20   13 0.81699D-06 -.56447D-06
   20   14 0.51069D-06 -.32593D-07
   20   15 0.70733D-06 0.51162D-07
   20   16 -.42312D-06 0.12592D-05
   20   17 -.15354D-05 -.14840D-05
   20   18 0.19267D-05 -.14478D-05
   20   19 0.17899D-06 0.15366D-05
   20   20 -.74124D-07 -.30556D-06
   21  -21 0.19601D-06 -.41205D-07
   21  -20 -.12720D-05 0.95118D-06
   21  -19 0.73643D-06 0.15884D-05
   21  -18 0.12131D-05 -.57873D-06
   21  -17 0.33451D-06 -.93045D-06
   21  -16 -.42275D-06 -.78465D-06
   21  -15 -.27539D-06 -.37508D-06
   21  -14 -.98836D-07 -.12623D-05
   21  -13 -.40831D-06 0.36603D-07
   21  -12 0.39084D-06 -.14053D-06
   21  -11 0.50544D-07 -.20537D-06
   21  -10 0.96205D-06 -.22673D-06
   21   -9 0.58838D-06 -.10609D-05
   21   -8 0.50940D-06 -.16322D-05
   21   -7 0.14477D-08 0.58455D-06
   21   -6 0.95137D-06 0.10272D-05
   21   -5 -.16804D-05 0.10420D-05
   21   -4 0.10575D-06 0.50794D-06
   21   -3 0.14804D-05 -.95741D-06
   21   -2 -.79599D-06 -.73668D-06
   21   -1 -.37300D-05 -.50980D-06
   21    0 -.52635D-06 0.00000D+00
   21    1 0.37300D-05 -.50980D-06
   21    2 -.79599D-06 0.73668D-06
   21    3 -.14804D-05 -.95741D-06
   21    4 0.10575D-06 -.50794D-06
   21    5 0.16804D-05 0.10420D-05
   21    6 0.95137D-06 -.10272D-05
   21    7 -.14477D-08 0.58455D-06
   21    8 0.50940D-06 0.16322D-05
   21    9 -.58838D-06 -.10609D-05
   21   10 0.96205D-06 0.22673D-06
   21   11 -.50544D-07 -.20537D-06
   21   12 0.39084D-06 0.14053D-06
   21   13 0.40831D-06 0.36603D-07
   21   14 -.98836D-07 0.12623D-05
   21   15 0.27539D-06 -.37508D-06
   21   16 -.42275D-06 0.78465D-06
   21   17 -.33451D-06 -.93045D-06
   21   18 0.12131D-05 0.57873D-06
   21   19 -.73643D-06 0.15884D-05
   21   20 -.12720D-05 -.95118D-06
   21   21 -.19601D-06 -.41205D-07
   22  -22 0.49744D-06 -.30542D-06
   22  -21 -.13279D-05 -.12414D-06
   22  -20 -.45929D-06 0.65436D-06
   22  -19 0.28719D-07 0.57819D-06
   22  -18 0.43128D-06 -.11169D-07
   22  -17 -.10102D-06 -.88512D-06
   22  -16 -.72942D-06 -.60403D-06
   22  -15 0.32141D-07 -.10985D-05
   22  -14 -.88501D-07 -.11315D-05
   22  -13 -.30199D-06 -.21007D-06
   22  -12 0.32344D-06 -.43073D-06
   22  -11 0.25352D-06 -.13593D-06
   22  -10 0.79681D-06 0.55672D-06
   22   -9 0.14872D-05 0.21905D-05
   22   -8 0.32469D-07 0.52057D-06
   22   -7 0.51249D-07 -.93056D-07
   22   -6 0.88648D-06 -.18212D-05
   22   -5 -.26367D-06 -.45432D-06
   22   -4 -.12733D-05 -.29988D-07
   22   -3 -.15732D-05 0.40990D-06
   22   -2 0.12626D-05 -.33957D-06
   22   -1 0.97495D-06 -.13645D-05
   22    0 -.22159D-05 0.00000D+00
   22    1 -.97495D-06 -.13645D-05
   22    2 0.12626D-05 0.33957D-06
   22    3 0.15732D-05 0.40990D-06
   22    4 -.12733D-05 0.29988D-07
   22    5 0.26367D-06 -.45432D-06
   22    6 0.88648D-06 0.18212D-05
   22    7 -.51249D-07 -.93056D-07
   22    8 0.32469D-07 -.52057D-06
   22    9 -.14872D-05 0.21905D-05
   22   10 0.79681D-06 -.55672D-06
   22   11 -.25352D-06 -.13593D-06
   22   12 0.32344D-06 0.43073D-06
   22   13 0.30199D-06 -.21007D-06
   22   14 -.88501D-07 0.11315D-05
   22   15 -.32141D-07 -.10985D-05
   22   16 -.72942D-06 0.60403D-06
   22   17 0.10102D-06 -.88512D-06
   22   18 0.43128D-06 0.11169D-07
   22   19 -.28719D-07 0.57819D-06
   22   20 -.45929D-06 -.65436D-06
   22   21 0.13279D-05 -.12414D-06
   22   22 0.49744D-06 0.30542D-06
   23  -23 0.57495D-06 -.35425D-06
   23  -22 -.61206D-06 -.98069D-06
   23  -21 -.78688D-06 -.44191D-06
   23  -20 -.89954D-06 0.10536D-05
   23  -19 -.47519D-07 0.56485D-06
   23  -18 -.22100D-07 -.34386D-06
   23  -17 -.47432D-06 -.28366D-06
   23  -16 0.44889D-06 -.52257D-06
   23  -15 0.15496D-06 -.68161D-06
   23  -14 0.56129D-06 -.57290D-07
   23  -13 -.47964D-06 -.95021D-08
   23  -12 0.10631D-06 0.98310D-06
   23  -11 0.77392D-06 -.16885D-06
   23  -10 -.39404D-06 -.58408D-07
   23   -9 0.10940D-06 0.91784D-07
   23   -8 -.18518D-06 0.11582D-07
   23   -7 -.21195D-06 0.22487D-05
   23   -6 -.10549D-06 0.62964D-07
   23   -5 0.15044D-06 -.36597D-06
   23   -4 0.96004D-06 -.13379D-05
   23   -3 -.83456D-06 -.81770D-06
   23   -2 -.22026D-05 -.19704D-06
   23   -1 0.39850D-06 -.26259D-06
   23    0 0.33417D-05 0.00000D+00
   23    1 -.39850D-06 -.26259D-06
   23    2 -.22026D-05 0.19704D-06
   23    3 0.83456D-06 -.81770D-06
   23    4 0.96004D-06 0.13379D-05
   23    5 -.15044D-06 -.36597D-06
   23    6 -.10549D-06 -.62964D-07
   23    7 0.21195D-06 0.22487D-05
   23    8 -.18518D-06 -.11582D-07
   23    9 -.10940D-06 0.91784D-07
   23   10 -.39404D-06 0.58408D-07
   23   11 -.77392D-06 -.16885D-06
   23   12 0.10631D-06 -.98310D-06
   23   13 0.47964D-06 -.95021D-08
   23   14 0.56129D-06 0.57290D-07
   23   15 -.15496D-06 -.68161D-06
   23   16 0.44889D-06 0.52257D-06
   23   17 0.47432D-06 -.28366D-06
   23   18 -.22100D-07 0.34386D-06
   23   19 0.47519D-07 0.56485D-06
   23   20 -.89954D-06 -.10536D-05
   23   21 0.78688D-06 -.44191D-06
   23   22 -.61206D-06 0.98069D-06
   23   23 -.57495D-06 -.35425D-06
   24  -24 0.36270D-06 -.19056D-06
   24  -23 0.25139D-06 -.11648D-05
   24  -22 -.20776D-06 -.92010D-06
   24  -21 -.94535D-06 0.70598D-06
   24  -20 -.58013D-06 0.48736D-06
   24  -19 -.22245D-06 0.34455D-06
   24  -18 -.29909D-06 0.10930D-06
   24  -17 0.44974D-06 0.26619D-06
   24  -16 0.27798D-06 -.28061D-06
   24  -15 0.42295D-06 0.45239D-06
   24  -14 0.11581D-06 -.42804D-06
   24  -13 -.15838D-06 0.64394D-06
   24  -12 0.32449D-06 0.59196D-07
   24  -11 0.56707D-07 0.10857D-05
   24  -10 -.53151D-06 0.95368D-06
   24   -9 -.61573D-06 0.93447D-07
   24   -8 0.56859D-06 -.11284D-05
   24   -7 -.61953D-07 -.13216D-05
   24   -6 -.11265D-06 0.11547D-06
   24   -5 0.51682D-06 -.27598D-06
   24   -4 -.56742D-06 -.35223D-06
   24   -3 0.13484D-05 -.21792D-06
   24   -2 0.14572D-05 -.10782D-05
   24   -1 -.17339D-05 -.48234D-06
   24    0 -.14838D-05 0.00000D+00
   24    1 0.17339D-05 -.48234D-06
   24    2 0.14572D-05 0.10782D-05
   24    3 -.13484D-05 -.21792D-06
   24    4 -.56742D-06 0.35223D-06
   24    5 -.51682D-06 -.27598D-06
   24    6 -.11265D-06 -.11547D-06
   24    7 0.61953D-07 -.13216D-05
   24    8 0.56859D-06 0.11284D-05
   24    9 0.61573D-06 0.93447D-07
   24   10 -.53151D-06 -.95368D-06
   24   11 -.56707D-07 0.10857D-05
   24   12 0.32449D-06 -.59196D-07
   24   13 0.15838D-06 0.64394D-06
   24   14 0.11581D-06 0.42804D-06
   24   15 -.42295D-06 0.45239D-06
   24   16 0.27798D-06 0.28061D-06
   24   17 -.44974D-06 0.26619D-06
   24   18 -.29909D-06 -.10930D-06
   24   19 0.22245D-06 0.34455D-06
   24   20 -.58013D-06 -.48736D-06
   24   21 0.94535D-06 0.70598D-06
   24   22 -.20776D-06 0.92010D-06
   24   23 -.25139D-06 -.11648D-05
   24   24 0.36270D-06 0.19056D-06
   25  -25 0.99676D-09 0.74103D-07
   25  -24 0.71304D-06 -.69613D-06
   25  -23 0.70795D-06 -.57643D-06
   25  -22 -.19558D-06 -.40358D-08
   25  -21 -.58969D-06 0.28875D-07
   25  -20 -.24455D-06 0.58032D-06
   25  -19 -.87663D-07 0.18474D-06
   25  -18 0.22438D-06 0.71440D-06
   25  -17 0.65350D-06 0.34069D-06
   25  -16 0.28215D-06 0.65469D-06
   25  -15 0.14027D-06 0.37529D-06
   25  -14 0.76687D-07 0.12954D-06
   25  -13 0.20882D-07 0.42094D-06
   25  -12 -.48857D-06 -.18608D-06
   25  -11 -.46740D-06 -.30004D-06
   25  -10 -.86847D-06 -.97061D-06
   25   -9 0.39676D-06 0.16599D-07
   25   -8 0.37031D-06 0.11485D-05
   25   -7 0.62247D-07 0.58462D-07
   25   -6 -.47130D-06 -.52839D-06
   25   -5 0.13217D-05 -.65276D-06
   25   -4 -.33410D-06 0.41554D-07
   25   -3 -.90519D-06 0.68465D-06
   25   -2 0.73606D-06 0.49633D-06
   25   -1 0.21575D-05 0.34083D-06
   25    0 -.22692D-06 0.00000D+00
   25    1 -.21575D-05 0.34083D-06
   25    2 0.73606D-06 -.49633D-06
   25    3 0.90519D-06 0.68465D-06
   25    4 -.33410D-06 -.41554D-07
   25    5 -.13217D-05 -.65276D-06
   25    6 -.47130D-06 0.52839D-06
   25    7 -.62247D-07 0.58462D-07
   25    8 0.37031D-06 -.11485D-05
   25    9 -.39676D-06 0.16599D-07
   25   10 -.86847D-06 0.97061D-06
   25   11 0.46740D-06 -.30004D-06
   25   12 -.48857D-06 0.18608D-06
   25   13 -.20882D-07 0.42094D-06
   25   14 0.76687D-07 -.12954D-06
   25   15 -.14027D-06 0.37529D-06
   25   16 0.28215D-06 -.65469D-06
   25   17 -.65350D-06 0.34069D-06
   25   18 0.22438D-06 -.71440D-06
   25   19 0.87663D-07 0.18474D-06
   25   20 -.24455D-06 -.58032D-06
   25   21 0.58969D-06 0.28875D-07
   25   22 -.19558D-06 0.40358D-08
   25   23 -.70795D-06 -.57643D-06
   25   24 0.71304D-06 0.69613D-06
   25   25 -.99676D-09 0.74103D-07
   26  -26 -.28142D-06 0.29459D-06
   26  -25 0.58866D-06 0.29282D-07
   26  -24 0.12878D-05 0.22025D-06
   26  -23 0.70411D-06 -.47081D-06
   26  -22 -.88534D-07 -.30124D-06
   26  -21 -.95709D-07 0.37670D-06
   26  -20 -.33066D-07 0.55280D-08
   26  -19 -.24495D-06 0.72621D-06
   26  -18 0.40741D-06 0.56443D-06
   26  -17 -.78242D-07 0.37148D-06
   26  -16 -.77136D-07 0.34432D-06
   26  -15 -.11854D-06 -.18664D-06
   26  -14 0.13400D-06 0.13067D-07
   26  -13 -.71252D-07 -.39992D-06
   26  -12 -.95233D-06 -.11557D-06
   26  -11 -.43004D-06 0.19653D-06
   26  -10 -.22867D-06 -.44181D-06
   26   -9 -.42837D-06 -.12708D-05
   26   -8 0.14480D-06 -.56203D-06
   26   -7 0.26716D-06 0.38020D-06
   26   -6 -.18685D-06 0.14121D-05
   26   -5 0.25558D-06 0.53559D-06
   26   -4 0.84943D-06 0.42711D-06
   26   -3 0.13658D-05 -.24932D-06
   26   -2 -.14918D-05 0.39916D-06
   26   -1 -.12128D-05 0.58374D-06
   26    0 0.22671D-05 0.00000D+00
   26    1 0.12128D-05 0.58374D-06
   26    2 -.14918D-05 -.39916D-06
   26    3 -.13658D-05 -.24932D-06
   26    4 0.84943D-06 -.42711D-06
   26    5 -.25558D-06 0.53559D-06
   26    6 -.18685D-06 -.14121D-05
   26    7 -.26716D-06 0.38020D-06
   26    8 0.14480D-06 0.56203D-06
   26    9 0.42837D-06 -.12708D-05
   26   10 -.22867D-06 0.44181D-06
   26   11 0.43004D-06 0.19653D-06
   26   12 -.95233D-06 0.11557D-06
   26   13 0.71252D-07 -.39992D-06
   26   14 0.13400D-06 -.13067D-07
   26   15 0.11854D-06 -.18664D-06
   26   16 -.77136D-07 -.34432D-06
   26   17 0.78242D-07 0.37148D-06
   26   18 0.40741D-06 -.56443D-06
   26   19 0.24495D-06 0.72621D-06
   26   20 -.33066D-07 -.55280D-08
   26   21 0.95709D-07 0.37670D-06
   26   22 -.88534D-07 0.30124D-06
   26   23 -.70411D-06 -.47081D-06
   26   24 0.12878D-05 -.22025D-06
   26   25 -.58866D-06 0.29282D-07
   26   26 -.28142D-06 -.29459D-06
   27  -27 -.32715D-06 0.36914D-06
   27  -26 0.84277D-07 0.53529D-06
   27  -25 0.12161D-05 0.87445D-06
   27  -24 0.11308D-05 -.42234D-06
   27  -23 0.56500D-06 -.23630D-06
   27  -22 0.18742D-06 0.14132D-07
   27  -21 0.88352D-07 -.20926D-06
   27  -20 -.26650D-06 0.14105D-06
   27  -19 0.23873D-06 0.34347D-06
   27  -18 -.27735D-06 -.28915D-06
   27  -17 -.30111D-07 0.24997D-06
   27  -16 -.31404D-06 -.23704D-06
   27  -15 -.89603D-07 0.21749D-06
   27  -14 -.11148D-06 -.55251D-06
   27  -13 -.14293D-08 -.38603D-07
   27  -12 0.44849D-07 -.68303D-06
   27  -11 0.52048D-06 -.29070D-06
   27  -10 0.11951D-05 0.31176D-06
   27   -9 0.72058D-07 0.27555D-06
   27   -8 -.11043D-07 0.39490D-06
   27   -7 0.59150D-06 -.15124D-05
   27   -6 -.14922D-06 0.86364D-07
   27   -5 -.19479D-06 0.60670D-06
   27   -4 -.86559D-06 0.75432D-06
   27   -3 0.19534D-06 0.39134D-06
   27   -2 0.13095D-05 0.18235D-06
   27   -1 -.28036D-06 -.15416D-07
   27    0 -.20901D-05 0.00000D+00
   27    1 0.28036D-06 -.15416D-07
   27    2 0.13095D-05 -.18235D-06
   27    3 -.19534D-06 0.39134D-06
   27    4 -.86559D-06 -.75432D-06
   27    5 0.19479D-06 0.60670D-06
   27    6 -.14922D-06 -.86364D-07
   27    7 -.59150D-06 -.15124D-05
   27    8 -.11043D-07 -.39490D-06
   27    9 -.72058D-07 0.27555D-06
   27   10 0.11951D-05 -.31176D-06
   27   11 -.52048D-06 -.29070D-06
   27   12 0.44849D-07 0.68303D-06
   27   13 0.14293D-08 -.38603D-07
   27   14 -.11148D-06 0.55251D-06
   27   15 0.89603D-07 0.21749D-06
   27   16 -.31404D-06 0.23704D-06
   27   17 0.30111D-07 0.24997D-06
   27   18 -.27735D-06 0.28915D-06
   27   19 -.23873D-06 0.34347D-06
   27   20 -.26650D-06 -.14105D-06
   27   21 -.88352D-07 -.20926D-06
   27   22 0.18742D-06 -.14132D-07
   27   23 -.56500D-06 -.23630D-06
   27   24 0.11308D-05 0.42234D-06
   27   25 -.12161D-05 0.87445D-06
   27   26 0.84277D-07 -.53529D-06
   27   27 0.32715D-06 0.36914D-06
   28  -28 -.14609D-06 0.28179D-06
   28  -27 -.41193D-06 0.55880D-06
   28  -26 0.65115D-06 0.98036D-06
   28  -25 0.86126D-06 -.16962D-07
   28  -24 0.91117D-06 0.11388D-06
   28  -23 0.31421D-06 -.13788D-06
   28  -22 0.54644D-07 -.22290D-06
   28  -21 -.25313D-06 -.49572D-06
   28  -20 -.59972D-07 -.24539D-07
   28  -19 -.53673D-06 -.67526D-06
   28  -18 -.35936D-06 -.26781D-06
   28  -17 -.21534D-06 -.43178D-06
   28  -16 -.11737D-06 -.44205D-07
   28  -15 -.63079D-08 -.62323D-06
   28  -14 -.44588D-07 -.12561D-06
   28  -13 0.44298D-06 -.10350D-06
   28  -12 0.47779D-07 0.84079D-07
   28  -11 0.18626D-06 0.17477D-06
   28  -10 -.25186D-06 -.35730D-06
   28   -9 -.15855D-07 -.46300D-06
   28   -8 -.40459D-07 0.86109D-06
   28   -7 0.23621D-06 0.12614D-05
   28   -6 -.37976D-06 0.17725D-06
   28   -5 -.21643D-06 -.48218D-07
   28   -4 0.35189D-06 0.10752D-06
   28   -3 -.12600D-05 0.28675D-06
   28   -2 -.10609D-05 0.61109D-06
   28   -1 0.16196D-05 0.24263D-06
   28    0 0.12416D-05 0.00000D+00
   28    1 -.16196D-05 0.24263D-06
   28    2 -.10609D-05 -.61109D-06
   28    3 0.12600D-05 0.28675D-06
   28    4 0.35189D-06 -.10752D-06
   28    5 0.21643D-06 -.48218D-07
   28    6 -.37976D-06 -.17725D-06
   28    7 -.23621D-06 0.12614D-05
   28    8 -.40459D-07 -.86109D-06
   28    9 0.15855D-07 -.46300D-06
   28   10 -.25186D-06 0.35730D-06
   28   11 -.18626D-06 0.17477D-06
   28   12 0.47779D-07 -.84079D-07
   28   13 -.44298D-06 -.10350D-06
   28   14 -.44588D-07 0.12561D-06
   28   15 0.63079D-08 -.62323D-06
   28   16 -.11737D-06 0.44205D-07
   28   17 0.21534D-06 -.43178D-06
   28   18 -.35936D-06 0.26781D-06
   28   19 0.53673D-06 -.67526D-06
   28   20 -.59972D-07 0.24539D-07
   28   21 0.25313D-06 -.49572D-06
   28   22 0.54644D-07 0.22290D-06
   28   23 -.31421D-06 -.13788D-06
   28   24 0.91117D-06 -.11388D-06
   28   25 -.86126D-06 -.16962D-07
   28   26 0.65115D-06 -.98036D-06
   28   27 0.41193D-06 0.55880D-06
   28   28 -.14609D-06 -.28179D-06
   29  -29 0.10575D-06 0.97216D-07
   29  -28 -.59695D-06 0.16981D-06
   29  -27 0.23398D-07 0.54557D-06
   29  -26 0.17404D-06 0.35403D-06
   29  -25 0.78925D-06 0.42627D-06
   29  -24 0.23029D-06 -.18849D-07
   29  -23 -.43220D-07 -.42387D-07
   29  -22 -.89675D-07 -.82327D-06
   29  -21 0.43328D-07 -.25973D-06
   29  -20 0.87643D-10 -.86964D-06
   29  -19 -.25163D-06 -.60974D-06
   29  -18 0.41588D-07 -.58948D-06
   29  -17 -.20149D-07 -.19449D-07
   29  -16 -.10814D-06 -.16084D-06
   29  -15 -.16390D-07 -.32701D-06
   29  -14 0.40271D-06 0.31843D-06
   29  -13 0.81307D-06 0.21029D-06
   29  -12 0.76481D-06 0.24379D-06
   29  -11 0.23638D-06 0.45173D-06
   29  -10 0.55714D-06 0.70910D-06
   29   -9 0.91119D-07 -.76960D-07
   29   -8 -.32840D-06 -.89379D-06
   29   -7 -.18066D-06 -.24862D-06
   29   -6 0.96499D-07 0.18132D-06
   29   -5 -.86700D-06 0.33659D-06
   29   -4 -.16778D-06 0.41582D-07
   29   -3 0.71344D-06 -.55495D-06
   29   -2 -.36026D-06 -.50966D-06
   29   -1 -.20893D-05 -.24679D-06
   29    0 0.31714D-06 0.00000D+00
   29    1 0.20893D-05 -.24679D-06
   29    2 -.36026D-06 0.50966D-06
   29    3 -.71344D-06 -.55495D-06
   29    4 -.16778D-06 -.41582D-07
   29    5 0.86700D-06 0.33659D-06
   29    6 0.96499D-07 -.18132D-06
   29    7 0.18066D-06 -.24862D-06
   29    8 -.32840D-06 0.89379D-06
   29    9 -.91119D-07 -.76960D-07
   29   10 0.55714D-06 -.70910D-06
   29   11 -.23638D-06 0.45173D-06
   29   12 0.76481D-06 -.24379D-06
   29   13 -.81307D-06 0.21029D-06
   29   14 0.40271D-06 -.31843D-06
   29   15 0.16390D-07 -.32701D-06
   29   16 -.10814D-06 0.16084D-06
   29   17 0.20149D-07 -.19449D-07
   29   18 0.41588D-07 0.58948D-06
   29   19 0.25163D-06 -.60974D-06
   29   20 0.87643D-10 0.86964D-06
   29   21 -.43328D-07 -.25973D-06
   29   22 -.89675D-07 0.82327D-06
   29   23 0.43220D-07 -.42387D-07
   29   24 0.23029D-06 0.18849D-07
   29   25 -.78925D-06 0.42627D-06
   29   26 0.17404D-06 -.35403D-06
   29   27 -.23398D-07 0.54557D-06
   29   28 -.59695D-06 -.16981D-06
   29   29 -.10575D-06 0.97216D-07
   30  -30 0.23830D-06 -.82015D-07
   30  -29 -.41623D-06 -.32394D-06
   30  -28 -.29555D-06 -.82837D-07
   30  -27 -.43134D-06 0.38758D-06
   30  -26 0.38587D-06 0.44513D-06
   30  -25 -.22198D-07 0.21674D-06
   30  -24 -.21307D-06 0.14224D-06
   30  -23 -.90986D-07 -.58858D-06
   30  -22 -.21842D-07 -.24222D-06
   30  -21 0.24144D-06 -.63369D-06
   30  -20 -.23277D-06 -.64527D-06
   30  -19 -.98779D-07 -.28067D-06
   30  -18 -.10683D-06 -.33677D-06
   30  -17 0.21640D-06 0.67449D-07
   30  -16 0.21228D-06 -.29901D-06
   30  -15 0.21722D-06 0.39340D-06
   30  -14 0.18193D-07 0.48146D-06
   30  -13 -.78861D-07 0.18214D-06
   30  -12 -.10856D-07 0.23154D-06
   30  -11 -.33158D-06 -.10184D-06
   30  -10 0.20209D-06 0.16975D-06
   30   -9 0.52507D-06 0.55371D-06
   30   -8 -.50502D-06 0.63135D-06
   30   -7 -.80569D-07 -.36820D-06
   30   -6 0.28562D-06 -.13238D-05
   30   -5 0.94915D-07 -.28738D-06
   30   -4 -.72943D-06 -.33504D-06
   30   -3 -.83886D-06 -.48942D-08
   30   -2 0.10312D-05 -.38186D-06
   30   -1 0.84263D-06 -.27508D-06
   30    0 -.16093D-05 0.00000D+00
   30    1 -.84263D-06 -.27508D-06
   30    2 0.10312D-05 0.38186D-06
   30    3 0.83886D-06 -.48942D-08
   30    4 -.72943D-06 0.33504D-06
   30    5 -.94915D-07 -.28738D-06
   30    6 0.28562D-06 0.13238D-05
   30    7 0.80569D-07 -.36820D-06
   30    8 -.50502D-06 -.63135D-06
   30    9 -.52507D-06 0.55371D-06
   30   10 0.20209D-06 -.16975D-06
   30   11 0.33158D-06 -.10184D-06
   30   12 -.10856D-07 -.23154D-06
   30   13 0.78861D-07 0.18214D-06
   30   14 0.18193D-07 -.48146D-06
   30   15 -.21722D-06 0.39340D-06
   30   16 0.21228D-06 0.29901D-06
   30   17 -.21640D-06 0.67449D-07
   30   18 -.10683D-06 0.33677D-06
   30   19 0.98779D-07 -.28067D-06
   30   20 -.23277D-06 0.64527D-06
   30   21 -.24144D-06 -.63369D-06
   30   22 -.21842D-07 0.24222D-06
   30   23 0.90986D-07 -.58858D-06
   30   24 -.21307D-06 -.14224D-06
   30   25 0.22198D-07 0.21674D-06
   30   26 0.38587D-06 -.44513D-06
   30   27 0.43134D-06 0.38758D-06
   30   28 -.29555D-06 0.82837D-07
   30   29 0.41623D-06 -.32394D-06
   30   30 0.23830D-06 0.82015D-07
   31  -31 0.15132D-06 -.16919D-06
   31  -30 -.46344D-07 -.59753D-06
   31  -29 -.21494D-06 -.48610D-06
   31  -28 -.58398D-06 0.66675D-07
   31  -27 0.67187D-07 0.17923D-06
   31  -26 -.19166D-06 0.34570D-06
   31  -25 -.30550D-06 0.16540D-06
   31  -24 -.20787D-07 -.83459D-07
   31  -23 0.15044D-07 -.22976D-07
   31  -22 0.45224D-06 -.18786D-06
   31  -21 0.32941D-06 -.31526D-06
   31  -20 0.37576D-06 0.12891D-06
   31  -19 -.48808D-07 -.15744D-06
   31  -18 0.40639D-06 0.12220D-06
   31  -17 0.22636D-06 0.55696D-07
   31  -16 -.95856D-07 0.52505D-06
   31  -15 -.11112D-06 0.80259D-07
   31  -14 0.63777D-07 0.60429D-08
   31  -13 0.93721D-07 -.11210D-06
   31  -12 0.42160D-07 0.31608D-06
   31  -11 -.80719D-09 0.31548D-06
   31  -10 -.61375D-06 -.27051D-06
   31   -9 -.16799D-06 -.48995D-06
   31   -8 -.99680D-07 -.53882D-06
   31   -7 -.25740D-07 0.95948D-06
   31   -6 -.18283D-09 0.11201D-06
   31   -5 0.10908D-07 -.46088D-06
   31   -4 0.59230D-06 -.66990D-06
   31   -3 -.20710D-06 -.24547D-06
   31   -2 -.12859D-05 0.58651D-07
   31   -1 0.95034D-07 0.71930D-07
   31    0 0.20399D-05 0.00000D+00
   31    1 -.95034D-07 0.71930D-07
   31    2 -.12859D-05 -.58651D-07
   31    3 0.20710D-06 -.24547D-06
   31    4 0.59230D-06 0.66990D-06
   31    5 -.10908D-07 -.46088D-06
   31    6 -.18283D-09 -.11201D-06
   31    7 0.25740D-07 0.95948D-06
   31    8 -.99680D-07 0.53882D-06
   31    9 0.16799D-06 -.48995D-06
   31   10 -.61375D-06 0.27051D-06
   31   11 0.80719D-09 0.31548D-06
   31   12 0.42160D-07 -.31608D-06
   31   13 -.93721D-07 -.11210D-06
   31   14 0.63777D-07 -.60429D-08
   31   15 0.11112D-06 0.80259D-07
   31   16 -.95856D-07 -.52505D-06
   31   17 -.22636D-06 0.55696D-07
   31   18 0.40639D-06 -.12220D-06
   31   19 0.48808D-07 -.15744D-06
   31   20 0.37576D-06 -.12891D-06
   31   21 -.32941D-06 -.31526D-06
   31   22 0.45224D-06 0.18786D-06
   31   23 -.15044D-07 -.22976D-07
   31   24 -.20787D-07 0.83459D-07
   31   25 0.30550D-06 0.16540D-06
   31   26 -.19166D-06 -.34570D-06
   31   27 -.67187D-07 0.17923D-06
   31   28 -.58398D-06 -.66675D-07
   31   29 0.21494D-06 -.48610D-06
   31   30 -.46344D-07 0.59753D-06
   31   31 -.15132D-06 -.16919D-06
   32  -32 -.10768D-06 -.13350D-06
   32  -31 0.25591D-06 -.50572D-06
   32  -30 0.74589D-07 -.44404D-06
   32  -29 -.26672D-06 -.37140D-06
   32  -28 0.84555D-07 -.15189D-06
   32  -27 -.12170D-06 0.26791D-06
   32  -26 -.24431D-06 -.21777D-07
   32  -25 -.39760D-08 0.34141D-06
   32  -24 -.56590D-08 0.16457D-06
   32  -23 0.84768D-07 0.36606D-06
   32  -22 0.29867D-06 -.22497D-07
   32  -21 0.24753D-06 0.38121D-06
   32  -20 -.32314D-06 0.73899D-07
   32  -19 0.17286D-07 0.20436D-06
   32  -18 0.31805D-06 -.89346D-07
   32  -17 -.11559D-06 0.41749D-06
   32  -16 -.28393D-06 0.15613D-06
   32  -15 -.29401D-06 -.88018D-07
   32  -14 -.35717D-06 -.91370D-07
   32  -13 -.70955D-06 -.76195D-07
   32  -12 -.25028D-08 0.21102D-07
   32  -11 -.63975D-07 -.11872D-06
   32  -10 0.59193D-07 0.23715D-06
   32   -9 0.24881D-06 0.32646D-06
   32   -8 0.32891D-06 -.67490D-06
   32   -7 0.18428D-06 -.94354D-06
   32   -6 0.23212D-06 -.13312D-06
   32   -5 0.46485D-06 -.63649D-07
   32   -4 -.45572D-06 0.39135D-07
   32   -3 0.98659D-06 -.15192D-07
   32   -2 0.78822D-06 -.44113D-06
   32   -1 -.13476D-05 -.36590D-06
   32    0 -.94679D-06 0.00000D+00
   32    1 0.13476D-05 -.36590D-06
   32    2 0.78822D-06 0.44113D-06
   32    3 -.98659D-06 -.15192D-07
   32    4 -.45572D-06 -.39135D-07
   32    5 -.46485D-06 -.63649D-07
   32    6 0.23212D-06 0.13312D-06
   32    7 -.18428D-06 -.94354D-06
   32    8 0.32891D-06 0.67490D-06
   32    9 -.24881D-06 0.32646D-06
   32   10 0.59193D-07 -.23715D-06
   32   11 0.63975D-07 -.11872D-06
   32   12 -.25028D-08 -.21102D-07
   32   13 0.70955D-06 -.76195D-07
   32   14 -.35717D-06 0.91370D-07
   32   15 0.29401D-06 -.88018D-07
   32   16 -.28393D-06 -.15613D-06
   32   17 0.11559D-06 0.41749D-06
   32   18 0.31805D-06 0.89346D-07
   32   19 -.17286D-07 0.20436D-06
   32   20 -.32314D-06 -.73899D-07
   32   21 -.24753D-06 0.38121D-06
   32   22 0.29867D-06 0.22497D-07
   32   23 -.84768D-07 0.36606D-06
   32   24 -.56590D-08 -.16457D-06
   32   25 0.39760D-08 0.34141D-06
   32   26 -.24431D-06 0.21777D-07
   32   27 0.12170D-06 0.26791D-06
   32   28 0.84555D-07 0.15189D-06
   32   29 0.26672D-06 -.37140D-06
   32   30 0.74589D-07 0.44404D-06
   32   31 -.25591D-06 -.50572D-06
   32   32 -.10768D-06 0.13350D-06
   33  -33 -.38167D-06 -.86113D-08
   33  -32 0.32501D-06 -.14472D-06
   33  -31 0.27946D-06 -.41090D-07
   33  -30 0.23405D-06 -.63129D-06
   33  -29 0.41592D-06 -.29808D-06
   33  -28 0.18799D-06 0.62276D-07
   33  -27 0.51749D-08 -.25130D-06
   33  -26 0.11085D-06 0.45644D-06
   33  -25 0.64689D-07 0.25880D-06
   33  -24 -.74359D-07 0.57536D-06
   33  -23 0.29527D-06 0.20690D-06
   33  -22 0.30061D-06 0.32505D-06
   33  -21 -.46504D-07 0.47117D-06
   33  -20 -.38915D-07 0.31768D-06
   33  -19 0.25267D-06 0.13741D-06
   33  -18 -.12859D-06 0.80933D-07
   33  -17 -.49664D-06 0.24038D-06
   33  -16 -.67786D-07 -.30456D-06
   33  -15 0.15782D-06 -.31844D-06
   33  -14 -.74981D-07 -.28261D-06
   33  -13 -.40223D-06 -.24431D-06
   33  -12 -.17785D-06 -.21503D-06
   33  -11 -.64789D-07 -.27986D-06
   33  -10 -.48246D-06 -.49583D-06
   33   -9 0.46685D-06 -.12982D-06
   33   -8 0.33019D-06 0.84905D-06
   33   -7 -.89309D-07 0.39216D-06
   33   -6 -.29667D-06 -.22399D-06
   33   -5 0.58908D-06 -.13760D-06
   33   -4 -.12655D-06 0.27816D-06
   33   -3 -.71765D-06 0.37619D-06
   33   -2 0.19306D-06 0.23023D-06
   33   -1 0.16497D-05 0.15379D-06
   33    0 -.65475D-07 0.00000D+00
   33    1 -.16497D-05 0.15379D-06
   33    2 0.19306D-06 -.23023D-06
   33    3 0.71765D-06 0.37619D-06
   33    4 -.12655D-06 -.27816D-06
   33    5 -.58908D-06 -.13760D-06
   33    6 -.29667D-06 0.22399D-06
   33    7 0.89309D-07 0.39216D-06
   33    8 0.33019D-06 -.84905D-06
   33    9 -.46685D-06 -.12982D-06
   33   10 -.48246D-06 0.49583D-06
   33   11 0.64789D-07 -.27986D-06
   33   12 -.17785D-06 0.21503D-06
   33   13 0.40223D-06 -.24431D-06
   33   14 -.74981D-07 0.28261D-06
   33   15 -.15782D-06 -.31844D-06
   33   16 -.67786D-07 0.30456D-06
   33   17 0.49664D-06 0.24038D-06
   33   18 -.12859D-06 -.80933D-07
   33   19 -.25267D-06 0.13741D-06
   33   20 -.38915D-07 -.31768D-06
   33   21 0.46504D-07 0.47117D-06
   33   22 0.30061D-06 -.32505D-06
   33   23 -.29527D-06 0.20690D-06
   33   24 -.74359D-07 -.57536D-06
   33   25 -.64689D-07 0.25880D-06
   33   26 0.11085D-06 -.45644D-06
   33   27 -.51749D-08 -.25130D-06
   33   28 0.18799D-06 -.62276D-07
   33   29 -.41592D-06 -.29808D-06
   33   30 0.23405D-06 0.63129D-06
   33   31 -.27946D-06 -.41090D-07
   33   32 0.32501D-06 0.14472D-06
   33   33 0.38167D-06 -.86113D-08
   34  -34 -.50764D-06 0.13035D-06
   34  -33 0.17180D-06 0.23852D-06
   34  -32 0.21119D-06 0.42758D-06
   34  -31 0.55123D-06 -.56816D-06
   34  -30 0.80735D-06 -.16857D-06
   34  -29 0.52657D-06 -.10979D-06
   34  -28 0.32873D-06 -.34332D-06
   34  -27 0.22504D-06 0.27304D-06
   34  -26 0.94084D-07 0.16774D-06
   34  -25 -.32499D-06 0.34486D-06
   34  -24 0.55414D-07 0.11771D-06
   34  -23 -.27696D-06 0.15048D-06
   34  -22 -.43384D-06 0.30527D-06
   34  -21 -.48975D-06 0.14062D-07
   34  -20 -.51102D-07 0.87515D-07
   34  -19 -.18165D-06 -.24559D-06
   34  -18 -.32713D-06 -.48413D-08
   34  -17 -.15076D-09 -.21369D-06
   34  -16 0.21344D-06 -.89939D-07
   34  -15 -.28248D-06 0.54426D-07
   34  -14 -.51731D-06 -.16885D-06
   34  -13 -.31568D-07 -.25455D-06
   34  -12 0.12710D-06 -.98902D-07
   34  -11 0.35351D-06 0.48895D-06
   34  -10 0.14581D-06 0.15895D-07
   34   -9 -.13751D-06 -.33750D-06
   34   -8 0.12297D-06 -.49808D-06
   34   -7 0.20917D-06 0.17507D-06
   34   -6 -.21556D-06 0.12304D-05
   34   -5 -.13092D-06 0.42655D-06
   34   -4 0.40947D-06 0.15615D-06
   34   -3 0.80235D-06 -.19666D-06
   34   -2 -.87390D-06 0.36378D-06
   34   -1 -.72178D-06 0.22294D-06
   34    0 0.14597D-05 0.00000D+00
   34    1 0.72178D-06 0.22294D-06
   34    2 -.87390D-06 -.36378D-06
   34    3 -.80235D-06 -.19666D-06
   34    4 0.40947D-06 -.15615D-06
   34    5 0.13092D-06 0.42655D-06
   34    6 -.21556D-06 -.12304D-05
   34    7 -.20917D-06 0.17507D-06
   34    8 0.12297D-06 0.49808D-06
   34    9 0.13751D-06 -.33750D-06
   34   10 0.14581D-06 -.15895D-07
   34   11 -.35351D-06 0.48895D-06
   34   12 0.12710D-06 0.98902D-07
   34   13 0.31568D-07 -.25455D-06
   34   14 -.51731D-06 0.16885D-06
   34   15 0.28248D-06 0.54426D-07
   34   16 0.21344D-06 0.89939D-07
   34   17 0.15076D-09 -.21369D-06
   34   18 -.32713D-06 0.48413D-08
   34   19 0.18165D-06 -.24559D-06
   34   20 -.51102D-07 -.87515D-07
   34   21 0.48975D-06 0.14062D-07
   34   22 -.43384D-06 -.30527D-06
   34   23 0.27696D-06 0.15048D-06
   34   24 0.55414D-07 -.11771D-06
   34   25 0.32499D-06 0.34486D-06
   34   26 0.94084D-07 -.16774D-06
   34   27 -.22504D-06 0.27304D-06
   34   28 0.32873D-06 0.34332D-06
   34   29 -.52657D-06 -.10979D-06
   34   30 0.80735D-06 0.16857D-06
   34   31 -.55123D-06 -.56816D-06
   34   32 0.21119D-06 -.42758D-06
   34   33 -.17180D-06 0.23852D-06
   34   34 -.50764D-06 -.13035D-06
   35  -35 -.41641D-06 0.20698D-06
   35  -34 -.52965D-07 0.41465D-06
   35  -33 -.10756D-06 0.66399D-06
   35  -32 0.48625D-06 -.26562D-06
   35  -31 0.97968D-06 0.12602D-06
   35  -30 0.67675D-06 -.13458D-06
   35  -29 0.56817D-06 -.21150D-06
   35  -28 0.34017D-06 -.76942D-08
   35  -27 0.12387D-06 0.52547D-07
   35  -26 -.27059D-06 -.99144D-07
   35  -25 0.51245D-07 0.19518D-07
   35  -24 -.16201D-06 -.20199D-06
   35  -23 -.41489D-06 0.13698D-06
   35  -22 -.28607D-06 -.32763D-06
   35  -21 0.78984D-07 0.26685D-06
   35  -20 -.11764D-06 -.21027D-06
   35  -19 -.24219D-06 -.74072D-07
   35  -18 0.44574D-07 -.21933D-06
   35  -17 0.33231D-06 -.96402D-07
   35  -16 0.20013D-06 -.27849D-08
   35  -15 -.18505D-06 -.12715D-07
   35  -14 0.29182D-06 -.23714D-06
   35  -13 0.25940D-06 -.89914D-07
   35  -12 0.52869D-07 0.21493D-07
   35  -11 0.18003D-06 -.13711D-06
   35  -10 0.47532D-06 0.17165D-06
   35   -9 0.31976D-07 0.48869D-06
   35   -8 -.30989D-06 0.52603D-06
   35   -7 0.80455D-08 -.74472D-06
   35   -6 -.23998D-06 -.13230D-07
   35   -5 -.13035D-06 0.29872D-06
   35   -4 -.54575D-06 0.23146D-06
   35   -3 0.87739D-07 0.28361D-06
   35   -2 0.10754D-05 0.23762D-06
   35   -1 -.25077D-06 -.15338D-06
   35    0 -.16484D-05 0.00000D+00
   35    1 0.25077D-06 -.15338D-06
   35    2 0.10754D-05 -.23762D-06
   35    3 -.87739D-07 0.28361D-06
   35    4 -.54575D-06 -.23146D-06
   35    5 0.13035D-06 0.29872D-06
   35    6 -.23998D-06 0.13230D-07
   35    7 -.80455D-08 -.74472D-06
   35    8 -.30989D-06 -.52603D-06
   35    9 -.31976D-07 0.48869D-06
   35   10 0.47532D-06 -.17165D-06
   35   11 -.18003D-06 -.13711D-06
   35   12 0.52869D-07 -.21493D-07
   35   13 -.25940D-06 -.89914D-07
   35   14 0.29182D-06 0.23714D-06
   35   15 0.18505D-06 -.12715D-07
   35   16 0.20013D-06 0.27849D-08
   35   17 -.33231D-06 -.96402D-07
   35   18 0.44574D-07 0.21933D-06
   35   19 0.24219D-06 -.74072D-07
   35   20 -.11764D-06 0.21027D-06
   35   21 -.78984D-07 0.26685D-06
   35   22 -.28607D-06 0.32763D-06
   35   23 0.41489D-06 0.13698D-06
   35   24 -.16201D-06 0.20199D-06
   35   25 -.51245D-07 0.19518D-07
   35   26 -.27059D-06 0.99144D-07
   35   27 -.12387D-06 0.52547D-07
   35   28 0.34017D-06 0.76942D-08
   35   29 -.56817D-06 -.21150D-06
   35   30 0.67675D-06 0.13458D-06
   35   31 -.97968D-06 0.12602D-06
   35   32 0.48625D-06 0.26562D-06
   35   33 0.10756D-06 0.66399D-06
   35   34 -.52965D-07 -.41465D-06
   35   35 0.41641D-06 0.20698D-06
   36  -36 -.16939D-06 0.18204D-06
   36  -35 -.17578D-06 0.30677D-06
   36  -34 -.49052D-06 0.54770D-06
   36  -33 0.10899D-06 0.46868D-07
   36  -32 0.80724D-06 0.36946D-06
   36  -31 0.52979D-06 -.37535D-07
   36  -30 0.59013D-06 0.37552D-07
   36  -29 0.31695D-06 -.18384D-06
   36  -28 0.73856D-07 -.24309D-07
   36  -27 -.21011D-06 -.45167D-06
   36  -26 -.87671D-08 -.14752D-06
   36  -25 -.28846D-06 -.60508D-06
   36  -24 -.58087D-06 -.34109D-06
   36  -23 -.57088D-06 -.47710D-06
   36  -22 -.27853D-06 -.19932D-06
   36  -21 -.13008D-06 -.44285D-06
   36  -20 -.59268D-07 -.24278D-06
   36  -19 0.24436D-06 -.48363D-07
   36  -18 0.34832D-06 0.33469D-07
   36  -17 0.16009D-06 0.18260D-06
   36  -16 -.21835D-06 0.16759D-06
   36  -15 0.21044D-06 0.14285D-06
   36  -14 0.43050D-06 0.17736D-06
   36  -13 0.43932D-06 0.43305D-06
   36  -12 -.22129D-06 0.21580D-06
   36  -11 0.85821D-07 0.15873D-06
   36  -10 -.18058D-06 -.14452D-06
   36   -9 -.33886D-06 -.25481D-06
   36   -8 -.30732D-06 0.47653D-06
   36   -7 0.12562D-06 0.89185D-06
   36   -6 -.32066D-06 0.45537D-07
   36   -5 -.24960D-06 -.23065D-06
   36   -4 0.32749D-06 0.62212D-07
   36   -3 -.83997D-06 0.54646D-06
   36   -2 -.82196D-06 0.21543D-06
   36   -1 0.10159D-05 0.58084D-07
   36    0 0.11409D-05 0.00000D+00
   36    1 -.10159D-05 0.58084D-07
   36    2 -.82196D-06 -.21543D-06
   36    3 0.83997D-06 0.54646D-06
   36    4 0.32749D-06 -.62212D-07
   36    5 0.24960D-06 -.23065D-06
   36    6 -.32066D-06 -.45537D-07
   36    7 -.12562D-06 0.89185D-06
   36    8 -.30732D-06 -.47653D-06
   36    9 0.33886D-06 -.25481D-06
   36   10 -.18058D-06 0.14452D-06
   36   11 -.85821D-07 0.15873D-06
   36   12 -.22129D-06 -.21580D-06
   36   13 -.43932D-06 0.43305D-06
   36   14 0.43050D-06 -.17736D-06
   36   15 -.21044D-06 0.14285D-06
   36   16 -.21835D-06 -.16759D-06
   36   17 -.16009D-06 0.18260D-06
   36   18 0.34832D-06 -.33469D-07
   36   19 -.24436D-06 -.48363D-07
   36   20 -.59268D-07 0.24278D-06
   36   21 0.13008D-06 -.44285D-06
   36   22 -.27853D-06 0.19932D-06
   36   23 0.57088D-06 -.47710D-06
   36   24 -.58087D-06 0.34109D-06
   36   25 0.28846D-06 -.60508D-06
   36   26 -.87671D-08 0.14752D-06
   36   27 0.21011D-06 -.45167D-06
   36   28 0.73856D-07 0.24309D-07
   36   29 -.31695D-06 -.18384D-06
   36   30 0.59013D-06 -.37552D-07
   36   31 -.52979D-06 -.37535D-07
   36   32 0.80724D-06 -.36946D-06
   36   33 -.10899D-06 0.46868D-07
   36   34 -.49052D-06 -.54770D-06
   36   35 0.17578D-06 0.30677D-06
   36   36 -.16939D-06 -.18204D-06
