    0   36
    0    0 0.73289D-05 0.00000D+00
    1   -1 0.24535D-05 -.31440D-05
    1    0 0.17456D-05 0.00000D+00
    1    1 -.24535D-05 -.31440D-05
    2   -2 0.23700D-04 -.73063D-04
    2   -1 -.11193D-03 0.13857D-03
    2    0 -.97380D-04 0.00000D+00
    2    1 0.11193D-03 0.13857D-03
    2    2 0.23700D-04 0.73063D-04
    3   -3 0.55096D-04 0.17282D-03
    3   -2 -.94543D-04 0.78844D-04
    3   -1 0.15192D-03 0.68717D-04
    3    0 -.22243D-03 0.00000D+00
    3    1 -.15192D-03 0.68717D-04
    3    2 -.94543D-04 -.78844D-04
    3    3 -.55096D-04 0.17282D-03
    4   -4 0.17794D-03 0.63594D-04
    4   -3 0.97820D-04 -.10093D-03
    4   -2 0.73374D-04 -.38011D-03
    4   -1 0.14571D-03 -.11568D-03
    4    0 -.11007D-03 0.00000D+00
    4    1 -.14571D-03 -.11568D-03
    4    2 0.73374D-04 0.38011D-03
    4    3 -.97820D-04 -.10093D-03
    4    4 0.17794D-03 -.63594D-04
    5   -5 0.16514D-03 0.22304D-03
    5   -4 0.53780D-04 -.56253D-04
    5   -3 0.50756D-04 -.78951D-04
    5   -2 -.12287D-03 0.46350D-05
    5   -1 -.10058D-03 -.92510D-04
    5    0 0.94274D-04 0.00000D+00
    5    1 0.10058D-03 -.92510D-04
    5    2 -.12287D-03 -.46350D-05
    5    3 -.50756D-04 -.78951D-04
    5    4 0.53780D-04 0.56253D-04
    5    5 -.16514D-03 0.22304D-03
    6   -6 0.39106D-03 -.32261D-04
    6   -5 0.15323D-04 -.10947D-03
    6   -4 -.24303D-03 0.41672D-04
    6   -3 -.46664D-04 -.14014D-03
    6   -2 -.67066D-04 0.27602D-03
    6   -1 -.12509D-03 0.22208D-03
    6    0 0.40635D-03 0.00000D+00
    6    1 0.12509D-03 0.22208D-03
    6    2 -.67066D-04 -.27602D-03
    6    3 0.46664D-04 -.14014D-03
    6    4 -.24303D-03 -.41672D-04
    6    5 -.15323D-04 -.10947D-03
    6    6 0.39106D-03 0.32261D-04
    7   -7 0.35517D-03 0.10136D-03
    7   -6 -.19477D-03 0.60597D-04
    7   -5 -.75203D-04 -.78376D-04
    7   -4 0.28159D-04 0.14147D-03
    7   -3 0.75974D-04 0.52601D-04
    7   -2 0.89180D-04 0.23770D-04
    7   -1 0.15321D-04 0.28573D-04
    7    0 -.14894D-03 0.00000D+00
    7    1 -.15321D-04 0.28573D-04
    7    2 0.89180D-04 -.23770D-04
    7    3 -.75974D-04 0.52601D-04
    7    4 0.28159D-04 -.14147D-03
    7    5 0.75203D-04 -.78376D-04
    7    6 -.19477D-03 -.60597D-04
    7    7 -.35517D-03 0.10136D-03
    8   -8 0.16929D-03 -.28004D-03
    8   -7 -.12141D-03 -.10415D-03
    8   -6 -.70645D-04 0.73251D-04
    8   -5 -.65289D-04 -.70292D-04
    8   -4 0.99253D-04 0.13895D-03
    8   -3 0.97803D-04 0.66137D-04
    8   -2 0.18157D-04 -.89892D-04
    8   -1 -.11176D-03 -.13111D-04
    8    0 -.55785D-04 0.00000D+00
    8    1 0.11176D-03 -.13111D-04
    8    2 0.18157D-04 0.89892D-04
    8    3 -.97803D-04 0.66137D-04
    8    4 0.99253D-04 -.13895D-03
    8    5 0.65289D-04 -.70292D-04
    8    6 -.70645D-04 -.73251D-04
    8    7 0.12141D-03 -.10415D-03
    8    8 0.16929D-03 0.28004D-03
    9   -9 0.15071D-03 -.25525D-03
    9   -8 0.12526D-03 0.16022D-04
    9   -7 -.47512D-04 -.36877D-04
    9   -6 0.14007D-03 -.37335D-04
    9   -5 0.81547D-04 -.98315D-04
    9   -4 -.50223D-04 -.29971D-04
    9   -3 -.51938D-04 -.93187D-05
    9   -2 -.41432D-04 -.18946D-03
    9   -1 0.54518D-04 -.79492D-04
    9    0 -.89236D-04 0.00000D+00
    9    1 -.54518D-04 -.79492D-04
    9    2 -.41432D-04 0.18946D-03
    9    3 0.51938D-04 -.93187D-05
    9    4 -.50223D-04 0.29971D-04
    9    5 -.81547D-04 -.98315D-04
    9    6 0.14007D-03 0.37335D-04
    9    7 0.47512D-04 -.36877D-04
    9    8 0.12526D-03 -.16022D-04
    9    9 -.15071D-03 -.25525D-03
   10  -10 -.19613D-03 -.47756D-04
   10   -9 -.72096D-04 -.25891D-04
   10   -8 0.21678D-04 0.55830D-04
   10   -7 -.70963D-04 -.18508D-05
   10   -6 0.14228D-03 0.10575D-03
   10   -5 -.76242D-04 -.10058D-03
   10   -4 0.18494D-04 -.52431D-04
   10   -3 -.11241D-03 -.84756D-04
   10   -2 0.41601D-04 -.45077D-04
   10   -1 0.51336D-04 0.13338D-03
   10    0 -.34914D-04 0.00000D+00
   10    1 -.51336D-04 0.13338D-03
   10    2 0.41601D-04 0.45077D-04
   10    3 0.11241D-03 -.84756D-04
   10    4 0.18494D-04 0.52431D-04
   10    5 0.76242D-04 -.10058D-03
   10    6 0.14228D-03 -.10575D-03
   10    7 0.70963D-04 -.18508D-05
   10    8 0.21678D-04 -.55830D-04
   10    9 0.72096D-04 -.25891D-04
   10   10 -.19613D-03 0.47756D-04
   11  -11 -.32853D-03 -.26691D-03
   11  -10 0.26368D-04 -.20287D-03
   11   -9 -.24478D-04 -.61295D-04
   11   -8 -.78777D-04 0.10486D-03
   11   -7 -.68494D-04 -.15479D-03
   11   -6 -.89048D-04 0.10286D-03
   11   -5 0.18227D-04 0.25596D-04
   11   -4 0.47634D-04 -.22714D-05
   11   -3 0.45511D-04 0.70004D-04
   11   -2 0.11431D-03 0.74446D-04
   11   -1 -.53480D-04 -.77526D-05
   11    0 -.10203D-03 0.00000D+00
   11    1 0.53480D-04 -.77526D-05
   11    2 0.11431D-03 -.74446D-04
   11    3 -.45511D-04 0.70004D-04
   11    4 0.47634D-04 0.22714D-05
   11    5 -.18227D-04 0.25596D-04
   11    6 -.89048D-04 -.10286D-03
   11    7 0.68494D-04 -.15479D-03
   11    8 -.78777D-04 -.10486D-03
   11    9 0.24478D-04 -.61295D-04
   11   10 0.26368D-04 0.20287D-03
   11   11 0.32853D-03 -.26691D-03
   12  -12 -.22921D-03 0.11196D-03
   12  -11 0.11641D-04 -.16369D-04
   12  -10 0.59808D-04 -.64005D-04
   12   -9 -.13026D-03 0.96122D-04
   12   -8 0.11574D-03 -.56043D-04
   12   -7 -.10783D-03 -.86779D-04
   12   -6 0.52698D-04 0.15700D-04
   12   -5 -.30133D-04 -.60914D-04
   12   -4 -.27131D-04 0.16290D-03
   12   -3 -.11336D-04 0.98546D-04
   12   -2 -.49004D-06 -.36181D-04
   12   -1 0.92861D-06 -.54741D-04
   12    0 0.15852D-04 0.00000D+00
   12    1 -.92861D-06 -.54741D-04
   12    2 -.49004D-06 0.36181D-04
   12    3 0.11336D-04 0.98546D-04
   12    4 -.27131D-04 -.16290D-03
   12    5 0.30133D-04 -.60914D-04
   12    6 0.52698D-04 -.15700D-04
   12    7 0.10783D-03 -.86779D-04
   12    8 0.11574D-03 0.56043D-04
   12    9 0.13026D-03 0.96122D-04
   12   10 0.59808D-04 0.64005D-04
   12   11 -.11641D-04 -.16369D-04
   12   12 -.22921D-03 -.11196D-03
   13  -13 -.22356D-03 0.99680D-04
   13  -12 -.13984D-03 0.42535D-04
   13  -11 -.97222D-04 -.22849D-04
   13  -10 0.29798D-04 0.16060D-03
   13   -9 -.79223D-04 0.62704D-05
   13   -8 0.53965D-04 0.23437D-04
   13   -7 0.17061D-04 0.67120D-04
   13   -6 0.98657D-04 0.16248D-04
   13   -5 0.24564D-04 0.35904D-04
   13   -4 -.58352D-04 -.81300D-04
   13   -3 0.26277D-04 -.68065D-04
   13   -2 -.12751D-03 0.25030D-04
   13   -1 0.62620D-04 -.27960D-04
   13    0 0.19809D-03 0.00000D+00
   13    1 -.62620D-04 -.27960D-04
   13    2 -.12751D-03 -.25030D-04
   13    3 -.26277D-04 -.68065D-04
   13    4 -.58352D-04 0.81300D-04
   13    5 -.24564D-04 0.35904D-04
   13    6 0.98657D-04 -.16248D-04
   13    7 -.17061D-04 0.67120D-04
   13    8 0.53965D-04 -.23437D-04
   13    9 0.79223D-04 0.62704D-05
   13   10 0.29798D-04 -.16060D-03
   13   11 0.97222D-04 -.22849D-04
   13   12 -.13984D-03 -.42535D-04
   13   13 0.22356D-03 0.99680D-04
   14  -14 0.24288D-04 0.14292D-03
   14  -13 0.60601D-04 0.48994D-04
   14  -12 0.45248D-04 -.81294D-05
   14  -11 -.31447D-04 0.72396D-04
   14  -10 0.82003D-04 -.16179D-04
   14   -9 -.89154D-04 -.19374D-04
   14   -8 0.90887D-04 0.73306D-04
   14   -7 -.12855D-03 0.36791D-04
   14   -6 0.68138D-04 0.34139D-04
   14   -5 -.12828D-03 0.47458D-05
   14   -4 -.31369D-06 -.19597D-03
   14   -3 -.32385D-04 0.40989D-04
   14   -2 0.54855D-04 0.25773D-04
   14   -1 0.67612D-04 0.14363D-04
   14    0 -.97388D-04 0.00000D+00
   14    1 -.67612D-04 0.14363D-04
   14    2 0.54855D-04 -.25773D-04
   14    3 0.32385D-04 0.40989D-04
   14    4 -.31369D-06 0.19597D-03
   14    5 0.12828D-03 0.47458D-05
   14    6 0.68138D-04 -.34139D-04
   14    7 0.12855D-03 0.36791D-04
   14    8 0.90887D-04 -.73306D-04
   14    9 0.89154D-04 -.19374D-04
   14   10 0.82003D-04 0.16179D-04
   14   11 0.31447D-04 0.72396D-04
   14   12 0.45248D-04 0.81294D-05
   14   13 -.60601D-04 0.48994D-04
   14   14 0.24288D-04 -.14292D-03
   15  -15 0.40168D-04 0.13436D-03
   15  -14 0.14001D-04 0.14735D-03
   15  -13 -.19880D-04 0.87343D-04
   15  -12 0.53934D-04 0.24461D-04
   15  -11 0.47195D-04 0.76303D-05
   15  -10 0.63364D-04 -.12940D-04
   15   -9 -.32835D-05 -.23348D-04
   15   -8 0.11680D-03 -.22695D-04
   15   -7 -.74310D-05 -.12098D-03
   15   -6 -.30899D-04 0.30963D-04
   15   -5 0.89462D-04 -.96387D-04
   15   -4 0.88391D-04 0.58419D-04
   15   -3 -.99985D-05 0.11910D-03
   15   -2 0.66017D-04 -.35438D-04
   15   -1 -.48132D-04 -.37652D-04
   15    0 -.10362D-03 0.00000D+00
   15    1 0.48132D-04 -.37652D-04
   15    2 0.66017D-04 0.35438D-04
   15    3 0.99985D-05 0.11910D-03
   15    4 0.88391D-04 -.58419D-04
   15    5 -.89462D-04 -.96387D-04
   15    6 -.30899D-04 -.30963D-04
   15    7 0.74310D-05 -.12098D-03
   15    8 0.11680D-03 0.22695D-04
   15    9 0.32835D-05 -.23348D-04
   15   10 0.63364D-04 0.12940D-04
   15   11 -.47195D-04 0.76303D-05
   15   12 0.53934D-04 -.24461D-04
   15   13 0.19880D-04 0.87343D-04
   15   14 0.14001D-04 -.14735D-03
   15   15 -.40168D-04 0.13436D-03
   16  -16 0.41832D-04 0.23161D-04
   16  -15 0.35648D-04 0.59667D-06
   16  -14 -.48103D-04 -.47058D-04
   16  -13 -.54909D-04 -.30068D-04
   16  -12 0.40938D-04 -.94960D-04
   16  -11 -.22028D-04 0.65182D-04
   16  -10 0.33197D-04 -.39014D-04
   16   -9 -.75707D-04 0.33380D-04
   16   -8 0.11941D-03 -.97907D-04
   16   -7 -.71068D-04 0.11958D-05
   16   -6 0.21711D-04 -.20060D-04
   16   -5 0.59319D-04 0.48575D-04
   16   -4 -.38446D-04 0.27349D-04
   16   -3 -.75948D-05 -.43191D-04
   16   -2 -.60477D-04 0.16534D-04
   16   -1 0.95986D-05 0.19808D-04
   16    0 0.84609D-04 0.00000D+00
   16    1 -.95986D-05 0.19808D-04
   16    2 -.60477D-04 -.16534D-04
   16    3 0.75948D-05 -.43191D-04
   16    4 -.38446D-04 -.27349D-04
   16    5 -.59319D-04 0.48575D-04
   16    6 0.21711D-04 0.20060D-04
   16    7 0.71068D-04 0.11958D-05
   16    8 0.11941D-03 0.97907D-04
   16    9 0.75707D-04 0.33380D-04
   16   10 0.33197D-04 0.39014D-04
   16   11 0.22028D-04 0.65182D-04
   16   12 0.40938D-04 0.94960D-04
   16   13 0.54909D-04 -.30068D-04
   16   14 -.48103D-04 0.47058D-04
   16   15 -.35648D-04 0.59667D-06
   16   16 0.41832D-04 -.23161D-04
   17  -17 -.64538D-05 0.89928D-05
   17  -16 -.40708D-05 0.13293D-05
   17  -15 -.39447D-06 -.20676D-06
   17  -14 -.68865D-06 0.65840D-06
   17  -13 -.36066D-06 0.29567D-06
   17  -12 -.14904D-05 0.22563D-05
   17  -11 0.88479D-06 0.11977D-05
   17  -10 -.78551D-06 0.59532D-05
   17   -9 0.86675D-06 -.13574D-05
   17   -8 0.14654D-05 0.39568D-05
   17   -7 0.13520D-05 -.21753D-05
   17   -6 -.67713D-06 -.42686D-06
   17   -5 0.15003D-05 0.33988D-05
   17   -4 0.20814D-05 -.17399D-05
   17   -3 0.24564D-06 -.80348D-06
   17   -2 -.22119D-05 0.12245D-05
   17   -1 0.13922D-05 0.26759D-06
   17    0 0.22447D-05 0.00000D+00
   17    1 -.13922D-05 0.26759D-06
   17    2 -.22119D-05 -.12245D-05
   17    3 -.24564D-06 -.80348D-06
   17    4 0.20814D-05 0.17399D-05
   17    5 -.15003D-05 0.33988D-05
   17    6 -.67713D-06 0.42686D-06
   17    7 -.13520D-05 -.21753D-05
   17    8 0.14654D-05 -.39568D-05
   17    9 -.86675D-06 -.13574D-05
   17   10 -.78551D-06 -.59532D-05
   17   11 -.88479D-06 0.11977D-05
   17   12 -.14904D-05 -.22563D-05
   17   13 0.36066D-06 0.29567D-06
   17   14 -.68865D-06 -.65840D-06
   17   15 0.39447D-06 -.20676D-06
   17   16 -.40708D-05 -.13293D-05
   17   17 0.64538D-05 0.89928D-05
   18  -18 -.54718D-07 0.57278D-05
   18  -17 -.19023D-05 0.65638D-06
   18  -16 0.18371D-06 0.52229D-06
   18  -15 0.90811D-06 0.60704D-06
   18  -14 -.40826D-06 0.12611D-06
   18  -13 -.87391D-06 0.15975D-05
   18  -12 0.26524D-05 0.90151D-06
   18  -11 -.19544D-05 -.11781D-05
   18  -10 0.36836D-05 0.36828D-05
   18   -9 -.11837D-05 -.52814D-05
   18   -8 0.96851D-06 0.34280D-05
   18   -7 0.21076D-05 -.24841D-05
   18   -6 -.13831D-05 -.58581D-06
   18   -5 -.48498D-07 0.98440D-06
   18   -4 0.50646D-06 0.13388D-05
   18   -3 0.34951D-06 -.11271D-05
   18   -2 0.34084D-06 -.24291D-05
   18   -1 -.26311D-05 0.87627D-06
   18    0 -.10198D-05 0.00000D+00
   18    1 0.26311D-05 0.87627D-06
   18    2 0.34084D-06 0.24291D-05
   18    3 -.34951D-06 -.11271D-05
   18    4 0.50646D-06 -.13388D-05
   18    5 0.48498D-07 0.98440D-06
   18    6 -.13831D-05 0.58581D-06
   18    7 -.21076D-05 -.24841D-05
   18    8 0.96851D-06 -.34280D-05
   18    9 0.11837D-05 -.52814D-05
   18   10 0.36836D-05 -.36828D-05
   18   11 0.19544D-05 -.11781D-05
   18   12 0.26524D-05 -.90151D-06
   18   13 0.87391D-06 0.15975D-05
   18   14 -.40826D-06 -.12611D-06
   18   15 -.90811D-06 0.60704D-06
   18   16 0.18371D-06 -.52229D-06
   18   17 0.19023D-05 0.65638D-06
   18   18 -.54718D-07 -.57278D-05
   19  -19 0.30215D-05 0.69195D-06
   19  -18 0.55825D-07 0.51901D-06
   19  -17 0.94698D-06 0.56757D-06
   19  -16 0.97458D-06 0.73898D-06
   19  -15 0.26380D-06 0.41118D-06
   19  -14 -.30787D-06 -.12431D-06
   19  -13 0.60304D-06 0.56797D-06
   19  -12 0.66557D-06 -.41695D-06
   19  -11 -.18415D-05 0.10898D-06
   19  -10 0.25470D-05 0.17890D-05
   19   -9 -.99453D-06 -.77208D-06
   19   -8 0.10315D-05 0.50807D-07
   19   -7 0.58597D-06 0.93520D-06
   19   -6 -.40997D-07 -.79507D-07
   19   -5 0.16771D-06 -.18598D-05
   19   -4 -.67813D-06 -.32801D-06
   19   -3 -.18801D-06 0.10053D-05
   19   -2 0.56003D-06 -.90687D-06
   19   -1 0.83603D-06 -.16455D-06
   19    0 -.95410D-06 0.00000D+00
   19    1 -.83603D-06 -.16455D-06
   19    2 0.56003D-06 0.90687D-06
   19    3 0.18801D-06 0.10053D-05
   19    4 -.67813D-06 0.32801D-06
   19    5 -.16771D-06 -.18598D-05
   19    6 -.40997D-07 0.79507D-07
   19    7 -.58597D-06 0.93520D-06
   19    8 0.10315D-05 -.50807D-07
   19    9 0.99453D-06 -.77208D-06
   19   10 0.25470D-05 -.17890D-05
   19   11 0.18415D-05 0.10898D-06
   19   12 0.66557D-06 0.41695D-06
   19   13 -.60304D-06 0.56797D-06
   19   14 -.30787D-06 0.12431D-06
   19   15 -.26380D-06 0.41118D-06
   19   16 0.97458D-06 -.73898D-06
   19   17 -.94698D-06 0.56757D-06
   19   18 0.55825D-07 -.51901D-06
   19   19 -.30215D-05 0.69195D-06
   20  -20 0.28408D-05 -.30674D-05
   20  -19 0.12477D-05 0.53348D-06
   20  -18 0.13580D-05 0.12334D-06
   20  -17 0.38250D-06 0.65274D-06
   20  -16 0.90248D-06 0.55862D-06
   20  -15 0.38880D-06 -.14012D-05
   20  -14 0.32106D-06 0.30877D-07
   20  -13 0.11654D-05 -.10602D-05
   20  -12 0.45502D-06 -.15739D-06
   20  -11 -.32742D-06 -.16939D-05
   20  -10 0.15364D-05 0.76691D-06
   20   -9 -.79766D-06 0.80100D-07
   20   -8 -.52548D-07 -.11214D-05
   20   -7 -.77251D-06 0.15583D-05
   20   -6 0.84678D-06 -.42190D-06
   20   -5 -.42166D-06 -.84394D-06
   20   -4 -.42278D-06 0.75075D-07
   20   -3 0.60288D-06 0.18510D-06
   20   -2 -.75531D-06 0.92349D-06
   20   -1 0.81929D-06 0.46392D-06
   20    0 0.15805D-05 0.00000D+00
   20    1 -.81929D-06 0.46392D-06
   20    2 -.75531D-06 -.92349D-06
   20    3 -.60288D-06 0.18510D-06
   20    4 -.42278D-06 -.75075D-07
   20    5 0.42166D-06 -.84394D-06
   20    6 0.84678D-06 0.42190D-06
   20    7 0.77251D-06 0.15583D-05
   20    8 -.52548D-07 0.11214D-05
   20    9 0.79766D-06 0.80100D-07
   20   10 0.15364D-05 -.76691D-06
   20   11 0.32742D-06 -.16939D-05
   20   12 0.45502D-06 0.15739D-06
   20   13 -.11654D-05 -.10602D-05
   20   14 0.32106D-06 -.30877D-07
   20   15 -.38880D-06 -.14012D-05
   20   16 0.90248D-06 -.55862D-06
   20   17 -.38250D-06 0.65274D-06
   20   18 0.13580D-05 -.12334D-06
   20   19 -.12477D-05 0.53348D-06
   20   20 0.28408D-05 0.30674D-05
   21  -21 0.81556D-06 -.39337D-05
   21  -20 0.13858D-05 0.37176D-06
   21  -19 0.11652D-05 -.40606D-06
   21  -18 -.13600D-06 0.14916D-06
   21  -17 0.98509D-06 0.46540D-06
   21  -16 0.55437D-06 -.15192D-05
   21  -15 0.29271D-07 -.23319D-06
   21  -14 0.54764D-06 -.68552D-06
   21  -13 -.88093D-06 -.26614D-06
   21  -12 0.25095D-06 0.10268D-06
   21  -11 -.73545D-06 -.69086D-06
   21  -10 -.31423D-06 -.45007D-07
   21   -9 -.95234D-07 0.93770D-06
   21   -8 -.35416D-06 -.20374D-05
   21   -7 -.24919D-06 0.39450D-06
   21   -6 0.26430D-06 -.58116D-06
   21   -5 -.46382D-06 -.54238D-06
   21   -4 -.99662D-09 0.11673D-05
   21   -3 -.39545D-06 0.55381D-06
   21   -2 0.46802D-06 0.61998D-07
   21   -1 0.75764D-06 -.60746D-06
   21    0 -.89675D-06 0.00000D+00
   21    1 -.75764D-06 -.60746D-06
   21    2 0.46802D-06 -.61998D-07
   21    3 0.39545D-06 0.55381D-06
   21    4 -.99662D-09 -.11673D-05
   21    5 0.46382D-06 -.54238D-06
   21    6 0.26430D-06 0.58116D-06
   21    7 0.24919D-06 0.39450D-06
   21    8 -.35416D-06 0.20374D-05
   21    9 0.95234D-07 0.93770D-06
   21   10 -.31423D-06 0.45007D-07
   21   11 0.73545D-06 -.69086D-06
   21   12 0.25095D-06 -.10268D-06
   21   13 0.88093D-06 -.26614D-06
   21   14 0.54764D-06 0.68552D-06
   21   15 -.29271D-07 -.23319D-06
   21   16 0.55437D-06 0.15192D-05
   21   17 -.98509D-06 0.46540D-06
   21   18 -.13600D-06 -.14916D-06
   21   19 -.11652D-05 -.40606D-06
   21   20 0.13858D-05 -.37176D-06
   21   21 -.81556D-06 -.39337D-05
   22  -22 -.12600D-05 -.21806D-05
   22  -21 0.63444D-06 -.41701D-07
   22  -20 0.46434D-06 -.65277D-06
   22  -19 -.21407D-06 -.52414D-06
   22  -18 0.51404D-06 0.20080D-06
   22  -17 0.44475D-06 -.66368D-06
   22  -16 -.11103D-06 -.56356D-06
   22  -15 0.14743D-06 0.56320D-07
   22  -14 0.23614D-07 -.57559D-06
   22  -13 -.16528D-06 -.10451D-06
   22  -12 0.92482D-06 -.68685D-06
   22  -11 -.96234D-06 -.91803D-07
   22  -10 -.99731D-06 -.10147D-05
   22   -9 0.28300D-06 0.22524D-05
   22   -8 -.19064D-06 -.11945D-05
   22   -7 -.36240D-07 0.29775D-06
   22   -6 0.15818D-06 0.94097D-06
   22   -5 0.13358D-06 0.47189D-06
   22   -4 0.23042D-06 -.74462D-06
   22   -3 -.48023D-06 0.16658D-06
   22   -2 0.81115D-08 0.67941D-06
   22   -1 0.34900D-06 -.45515D-06
   22    0 0.82715D-07 0.00000D+00
   22    1 -.34900D-06 -.45515D-06
   22    2 0.81115D-08 -.67941D-06
   22    3 0.48023D-06 0.16658D-06
   22    4 0.23042D-06 0.74462D-06
   22    5 -.13358D-06 0.47189D-06
   22    6 0.15818D-06 -.94097D-06
   22    7 0.36240D-07 0.29775D-06
   22    8 -.19064D-06 0.11945D-05
   22    9 -.28300D-06 0.22524D-05
   22   10 -.99731D-06 0.10147D-05
   22   11 0.96234D-06 -.91803D-07
   22   12 0.92482D-06 0.68685D-06
   22   13 0.16528D-06 -.10451D-06
   22   14 0.23614D-07 0.57559D-06
   22   15 -.14743D-06 0.56320D-07
   22   16 -.11103D-06 0.56356D-06
   22   17 -.44475D-06 -.66368D-06
   22   18 0.51404D-06 -.20080D-06
   22   19 0.21407D-06 -.52414D-06
   22   20 0.46434D-06 0.65277D-06
   22   21 -.63444D-06 -.41701D-07
   22   22 -.12600D-05 0.21806D-05
   23  -23 -.21374D-05 0.58671D-06
   23  -22 -.46718D-06 -.51707D-06
   23  -21 -.37112D-06 -.48260D-06
   23  -20 -.12250D-08 -.92271D-06
   23  -19 -.53397D-07 -.20971D-07
   23  -18 0.85443D-07 0.29859D-06
   23  -17 -.29489D-06 -.69249D-06
   23  -16 -.50061D-06 0.59226D-06
   23  -15 0.21854D-06 -.32616D-06
   23  -14 -.69931D-06 0.22491D-06
   23  -13 -.21532D-06 -.37635D-06
   23  -12 -.46752D-06 0.52867D-06
   23  -11 -.13127D-06 0.99197D-07
   23  -10 -.68549D-06 -.14901D-05
   23   -9 0.88168D-06 0.12026D-05
   23   -8 -.12456D-06 -.22971D-06
   23   -7 -.37736D-06 -.60004D-06
   23   -6 -.14398D-06 0.80159D-06
   23   -5 0.15715D-06 0.85487D-06
   23   -4 0.21097D-06 -.43126D-06
   23   -3 0.38971D-06 -.73481D-06
   23   -2 -.37813D-06 0.38769D-06
   23   -1 -.15611D-05 0.26178D-06
   23    0 0.11973D-05 0.00000D+00
   23    1 0.15611D-05 0.26178D-06
   23    2 -.37813D-06 -.38769D-06
   23    3 -.38971D-06 -.73481D-06
   23    4 0.21097D-06 0.43126D-06
   23    5 -.15715D-06 0.85487D-06
   23    6 -.14398D-06 -.80159D-06
   23    7 0.37736D-06 -.60004D-06
   23    8 -.12456D-06 0.22971D-06
   23    9 -.88168D-06 0.12026D-05
   23   10 -.68549D-06 0.14901D-05
   23   11 0.13127D-06 0.99197D-07
   23   12 -.46752D-06 -.52867D-06
   23   13 0.21532D-06 -.37635D-06
   23   14 -.69931D-06 -.22491D-06
   23   15 -.21854D-06 -.32616D-06
   23   16 -.50061D-06 -.59226D-06
   23   17 0.29489D-06 -.69249D-06
   23   18 0.85443D-07 -.29859D-06
   23   19 0.53397D-07 -.20971D-07
   23   20 -.12250D-08 0.92271D-06
   23   21 0.37112D-06 -.48260D-06
   23   22 -.46718D-06 0.51707D-06
   23   23 0.21374D-05 0.58671D-06
   24  -24 -.15751D-05 0.25537D-05
   24  -23 -.12893D-05 -.75898D-06
   24  -22 -.91671D-06 -.38974D-07
   24  -21 0.18236D-06 -.78500D-06
   24  -20 -.34611D-06 -.50478D-07
   24  -19 -.17805D-06 0.77687D-06
   24  -18 -.63871D-06 -.60082D-06
   24  -17 -.58850D-06 0.81807D-06
   24  -16 0.28741D-06 -.20297D-06
   24  -15 -.25901D-06 0.53877D-06
   24  -14 0.11292D-06 -.33997D-06
   24  -13 -.17893D-06 0.38472D-06
   24  -12 -.18996D-06 0.28575D-06
   24  -11 0.61076D-06 0.59507D-06
   24  -10 -.53014D-06 -.78142D-06
   24   -9 0.58519D-06 0.61068D-06
   24   -8 -.58326D-06 0.61361D-06
   24   -7 0.29540D-06 -.43806D-06
   24   -6 0.42658D-07 0.76460D-07
   24   -5 -.20507D-06 -.30678D-06
   24   -4 0.14957D-06 -.34335D-06
   24   -3 -.36695D-06 -.27531D-07
   24   -2 -.44302D-06 -.21714D-06
   24   -1 -.19405D-06 0.17207D-07
   24    0 0.55663D-06 0.00000D+00
   24    1 0.19405D-06 0.17207D-07
   24    2 -.44302D-06 0.21714D-06
   24    3 0.36695D-06 -.27531D-07
   24    4 0.14957D-06 0.34335D-06
   24    5 0.20507D-06 -.30678D-06
   24    6 0.42658D-07 -.76460D-07
   24    7 -.29540D-06 -.43806D-06
   24    8 -.58326D-06 -.61361D-06
   24    9 -.58519D-06 0.61068D-06
   24   10 -.53014D-06 0.78142D-06
   24   11 -.61076D-06 0.59507D-06
   24   12 -.18996D-06 -.28575D-06
   24   13 0.17893D-06 0.38472D-06
   24   14 0.11292D-06 0.33997D-06
   24   15 0.25901D-06 0.53877D-06
   24   16 0.28741D-06 0.20297D-06
   24   17 0.58850D-06 0.81807D-06
   24   18 -.63871D-06 0.60082D-06
   24   19 0.17805D-06 0.77687D-06
   24   20 -.34611D-06 0.50478D-07
   24   21 -.18236D-06 -.78500D-06
   24   22 -.91671D-06 0.38974D-07
   24   23 0.12893D-05 -.75898D-06
   24   24 -.15751D-05 -.25537D-05
   25  -25 -.20172D-06 0.27162D-05
   25  -24 -.14350D-05 -.57994D-06
   25  -23 -.92600D-06 0.38036D-06
   25  -22 0.13086D-06 -.20789D-06
   25  -21 -.21683D-06 0.11256D-06
   25  -20 -.28298D-06 0.68172D-06
   25  -19 -.80786D-06 -.27645D-06
   25  -18 -.48273D-06 0.49302D-06
   25  -17 0.36051D-06 0.99133D-09
   25  -16 -.11636D-06 0.43658D-06
   25  -15 -.28868D-06 0.11879D-06
   25  -14 -.19686D-07 0.35528D-06
   25  -13 -.12637D-06 0.57507D-06
   25  -12 0.44111D-06 -.87129D-07
   25  -11 0.13330D-05 0.28040D-06
   25  -10 -.26436D-06 -.41391D-06
   25   -9 -.55986D-06 -.53605D-06
   25   -8 0.14493D-07 0.15454D-05
   25   -7 0.68330D-06 -.39189D-06
   25   -6 -.19545D-06 -.36875D-06
   25   -5 0.71356D-07 0.18647D-06
   25   -4 0.18702D-06 -.32606D-06
   25   -3 -.13467D-06 0.19199D-07
   25   -2 0.14374D-06 -.12694D-06
   25   -1 0.69968D-06 0.27401D-06
   25    0 -.18268D-06 0.00000D+00
   25    1 -.69968D-06 0.27401D-06
   25    2 0.14374D-06 0.12694D-06
   25    3 0.13467D-06 0.19199D-07
   25    4 0.18702D-06 0.32606D-06
   25    5 -.71356D-07 0.18647D-06
   25    6 -.19545D-06 0.36875D-06
   25    7 -.68330D-06 -.39189D-06
   25    8 0.14493D-07 -.15454D-05
   25    9 0.55986D-06 -.53605D-06
   25   10 -.26436D-06 0.41391D-06
   25   11 -.13330D-05 0.28040D-06
   25   12 0.44111D-06 0.87129D-07
   25   13 0.12637D-06 0.57507D-06
   25   14 -.19686D-07 -.35528D-06
   25   15 0.28868D-06 0.11879D-06
   25   16 -.11636D-06 -.43658D-06
   25   17 -.36051D-06 0.99133D-09
   25   18 -.48273D-06 -.49302D-06
   25   19 0.80786D-06 -.27645D-06
   25   20 -.28298D-06 -.68172D-06
   25   21 0.21683D-06 0.11256D-06
   25   22 0.13086D-06 0.20789D-06
   25   23 0.92600D-06 0.38036D-06
   25   24 -.14350D-05 0.57994D-06
   25   25 0.20172D-06 0.27162D-05
   26  -26 0.10293D-05 0.12830D-05
   26  -25 -.91939D-06 -.38306D-07
   26  -24 -.44921D-06 0.52199D-06
   26  -23 -.11510D-06 0.42066D-06
   26  -22 0.19495D-06 0.33291D-06
   26  -21 -.20049D-06 0.24440D-06
   26  -20 -.73639D-06 0.14114D-06
   26  -19 -.69498D-07 -.11822D-06
   26  -18 0.28410D-06 0.10429D-06
   26  -17 0.34915D-06 0.24554D-06
   26  -16 -.62418D-06 0.27052D-06
   26  -15 0.42954D-06 0.18539D-06
   26  -14 0.25128D-06 0.47068D-06
   26  -13 0.32744D-06 -.83646D-07
   26  -12 0.12944D-06 0.50203D-07
   26  -11 0.31567D-06 0.55175D-06
   26  -10 -.53960D-06 0.28245D-06
   26   -9 -.12117D-06 -.17427D-05
   26   -8 0.68586D-06 0.10286D-05
   26   -7 -.20122D-06 -.59054D-06
   26   -6 -.43888D-06 -.10286D-05
   26   -5 -.70300D-07 0.15426D-06
   26   -4 -.50035D-06 0.96273D-06
   26   -3 0.42866D-06 -.29554D-06
   26   -2 0.10998D-05 -.70728D-06
   26   -1 -.70929D-06 0.41568D-06
   26    0 -.16847D-05 0.00000D+00
   26    1 0.70929D-06 0.41568D-06
   26    2 0.10998D-05 0.70728D-06
   26    3 -.42866D-06 -.29554D-06
   26    4 -.50035D-06 -.96273D-06
   26    5 0.70300D-07 0.15426D-06
   26    6 -.43888D-06 0.10286D-05
   26    7 0.20122D-06 -.59054D-06
   26    8 0.68586D-06 -.10286D-05
   26    9 0.12117D-06 -.17427D-05
   26   10 -.53960D-06 -.28245D-06
   26   11 -.31567D-06 0.55175D-06
   26   12 0.12944D-06 -.50203D-07
   26   13 -.32744D-06 -.83646D-07
   26   14 0.25128D-06 -.47068D-06
   26   15 -.42954D-06 0.18539D-06
   26   16 -.62418D-06 -.27052D-06
   26   17 -.34915D-06 0.24554D-06
   26   18 0.28410D-06 -.10429D-06
   26   19 0.69498D-07 -.11822D-06
   26   20 -.73639D-06 -.14114D-06
   26   21 0.20049D-06 0.24440D-06
   26   22 0.19495D-06 -.33291D-06
   26   23 0.11510D-06 0.42066D-06
   26   24 -.44921D-06 -.52199D-06
   26   25 0.91939D-06 -.38306D-07
   26   26 0.10293D-05 -.12830D-05
   27  -27 0.14372D-05 -.64804D-06
   27  -26 -.10606D-06 0.58321D-06
   27  -25 0.21439D-06 0.33025D-06
   27  -24 -.34174D-06 0.70652D-06
   27  -23 0.61224D-06 0.44738D-06
   27  -22 0.55250D-08 -.17296D-06
   27  -21 -.45338D-06 0.47737D-06
   27  -20 0.26132D-06 -.58489D-06
   27  -19 0.37033D-06 0.11755D-06
   27  -18 0.40191D-06 -.66838D-07
   27  -17 -.62285D-06 0.37386D-06
   27  -16 0.24712D-06 -.18690D-06
   27  -15 0.39209D-06 0.35939D-06
   27  -14 0.30725D-06 -.86089D-07
   27  -13 0.32467D-06 -.15278D-06
   27  -12 -.15730D-06 -.16417D-06
   27  -11 -.35600D-06 0.11620D-06
   27  -10 0.48874D-06 0.60139D-06
   27   -9 0.36293D-06 -.84731D-06
   27   -8 0.12959D-06 0.73272D-07
   27   -7 -.48239D-06 0.42643D-07
   27   -6 0.31479D-06 -.38863D-07
   27   -5 0.17449D-06 0.53890D-08
   27   -4 0.18935D-07 0.13496D-06
   27   -3 0.50819D-06 0.14073D-06
   27   -2 -.11199D-06 -.17370D-06
   27   -1 -.30590D-06 -.11848D-06
   27    0 -.51819D-06 0.00000D+00
   27    1 0.30590D-06 -.11848D-06
   27    2 -.11199D-06 0.17370D-06
   27    3 -.50819D-06 0.14073D-06
   27    4 0.18935D-07 -.13496D-06
   27    5 -.17449D-06 0.53890D-08
   27    6 0.31479D-06 0.38863D-07
   27    7 0.48239D-06 0.42643D-07
   27    8 0.12959D-06 -.73272D-07
   27    9 -.36293D-06 -.84731D-06
   27   10 0.48874D-06 -.60139D-06
   27   11 0.35600D-06 0.11620D-06
   27   12 -.15730D-06 0.16417D-06
   27   13 -.32467D-06 -.15278D-06
   27   14 0.30725D-06 0.86089D-07
   27   15 -.39209D-06 0.35939D-06
   27   16 0.24712D-06 0.18690D-06
   27   17 0.62285D-06 0.37386D-06
   27   18 0.40191D-06 0.66838D-07
   27   19 -.37033D-06 0.11755D-06
   27   20 0.26132D-06 0.58489D-06
   27   21 0.45338D-06 0.47737D-06
   27   22 0.55250D-08 0.17296D-06
   27   23 -.61224D-06 0.44738D-06
   27   24 -.34174D-06 -.70652D-06
   27   25 -.21439D-06 0.33025D-06
   27   26 -.10606D-06 -.58321D-06
   27   27 -.14372D-05 -.64804D-06
   28  -28 0.94042D-06 -.18538D-05
   28  -27 0.53764D-06 0.94201D-06
   28  -26 0.69829D-06 -.41213D-07
   28  -25 -.37727D-06 0.50029D-06
   28  -24 0.80215D-06 0.36042D-06
   28  -23 0.22274D-06 -.38405D-06
   28  -22 -.15288D-06 0.58226D-06
   28  -21 0.39786D-06 -.73023D-06
   28  -20 0.47610D-06 -.86382D-08
   28  -19 0.37912D-06 -.23319D-06
   28  -18 -.53716D-06 0.29851D-06
   28  -17 0.18854D-06 -.37524D-06
   28  -16 0.49724D-06 -.46668D-07
   28  -15 0.11022D-06 -.11686D-06
   28  -14 -.21329D-06 -.23274D-06
   28  -13 -.50255D-06 -.18864D-06
   28  -12 -.46116D-06 0.36452D-06
   28  -11 -.50135D-07 -.64846D-06
   28  -10 0.14747D-05 0.70397D-06
   28   -9 -.46808D-06 -.84657D-06
   28   -8 -.79904D-06 -.69801D-06
   28   -7 -.19223D-06 0.85640D-06
   28   -6 0.58369D-06 0.64578D-06
   28   -5 -.53777D-07 0.45745D-07
   28   -4 0.19872D-06 -.34993D-06
   28   -3 -.95715D-07 -.55265D-07
   28   -2 -.81683D-06 0.33831D-06
   28   -1 0.78050D-06 -.62702D-07
   28    0 0.93115D-06 0.00000D+00
   28    1 -.78050D-06 -.62702D-07
   28    2 -.81683D-06 -.33831D-06
   28    3 0.95715D-07 -.55265D-07
   28    4 0.19872D-06 0.34993D-06
   28    5 0.53777D-07 0.45745D-07
   28    6 0.58369D-06 -.64578D-06
   28    7 0.19223D-06 0.85640D-06
   28    8 -.79904D-06 0.69801D-06
   28    9 0.46808D-06 -.84657D-06
   28   10 0.14747D-05 -.70397D-06
   28   11 0.50135D-07 -.64846D-06
   28   12 -.46116D-06 -.36452D-06
   28   13 0.50255D-06 -.18864D-06
   28   14 -.21329D-06 0.23274D-06
   28   15 -.11022D-06 -.11686D-06
   28   16 0.49724D-06 0.46668D-07
   28   17 -.18854D-06 -.37524D-06
   28   18 -.53716D-06 -.29851D-06
   28   19 -.37912D-06 -.23319D-06
   28   20 0.47610D-06 0.86382D-08
   28   21 -.39786D-06 -.73023D-06
   28   22 -.15288D-06 -.58226D-06
   28   23 -.22274D-06 -.38405D-06
   28   24 0.80215D-06 -.36042D-06
   28   25 0.37727D-06 0.50029D-06
   28   26 0.69829D-06 0.41213D-07
   28   27 -.53764D-06 0.94201D-06
   28   28 0.94042D-06 0.18538D-05
   29  -29 -.95914D-08 -.17042D-05
   29  -28 0.71422D-06 0.83941D-06
   29  -27 0.77043D-06 -.34163D-06
   29  -26 -.21395D-06 -.33193D-07
   29  -25 0.68004D-06 0.11824D-06
   29  -24 0.40483D-06 -.37913D-06
   29  -23 -.81978D-08 0.45677D-06
   29  -22 0.33479D-06 -.49225D-06
   29  -21 0.53889D-06 -.18561D-06
   29  -20 0.90636D-07 -.72674D-07
   29  -19 -.27018D-06 0.16235D-06
   29  -18 -.12399D-06 -.37538D-06
   29  -17 0.58473D-06 -.39410D-06
   29  -16 -.23153D-06 -.15731D-07
   29  -15 -.48749D-06 -.15211D-06
   29  -14 -.25080D-06 -.18900D-06
   29  -13 0.79178D-07 0.27057D-06
   29  -12 0.14869D-06 -.26664D-06
   29  -11 0.56162D-07 -.57125D-06
   29  -10 0.12184D-06 0.94622D-06
   29   -9 -.96147D-06 0.19323D-06
   29   -8 0.38781D-06 -.89286D-06
   29   -7 0.66523D-06 0.99202D-06
   29   -6 -.10155D-06 0.10085D-07
   29   -5 -.53279D-07 -.10709D-05
   29   -4 -.10832D-06 0.24717D-06
   29   -3 -.79077D-06 0.51657D-06
   29   -2 0.36329D-06 0.17407D-06
   29   -1 0.84844D-06 -.36974D-06
   29    0 -.56729D-06 0.00000D+00
   29    1 -.84844D-06 -.36974D-06
   29    2 0.36329D-06 -.17407D-06
   29    3 0.79077D-06 0.51657D-06
   29    4 -.10832D-06 -.24717D-06
   29    5 0.53279D-07 -.10709D-05
   29    6 -.10155D-06 -.10085D-07
   29    7 -.66523D-06 0.99202D-06
   29    8 0.38781D-06 0.89286D-06
   29    9 0.96147D-06 0.19323D-06
   29   10 0.12184D-06 -.94622D-06
   29   11 -.56162D-07 -.57125D-06
   29   12 0.14869D-06 0.26664D-06
   29   13 -.79178D-07 0.27057D-06
   29   14 -.25080D-06 0.18900D-06
   29   15 0.48749D-06 -.15211D-06
   29   16 -.23153D-06 0.15731D-07
   29   17 -.58473D-06 -.39410D-06
   29   18 -.12399D-06 0.37538D-06
   29   19 0.27018D-06 0.16235D-06
   29   20 0.90636D-07 0.72674D-07
   29   21 -.53889D-06 -.18561D-06
   29   22 0.33479D-06 0.49225D-06
   29   23 0.81978D-08 0.45677D-06
   29   24 0.40483D-06 0.37913D-06
   29   25 -.68004D-06 0.11824D-06
   29   26 -.21395D-06 0.33193D-07
   29   27 -.77043D-06 -.34163D-06
   29   28 0.71422D-06 -.83941D-06
   29   29 0.95914D-08 -.17042D-05
   30  -30 -.78054D-06 -.44448D-06
   30  -29 0.43953D-06 0.33937D-06
   30  -28 0.44309D-06 -.38644D-06
   30  -27 -.42234D-08 -.54491D-06
   30  -26 0.33362D-06 -.15190D-06
   30  -25 0.48421D-06 -.25172D-06
   30  -24 -.50432D-07 0.17785D-06
   30  -23 0.79395D-07 -.10642D-06
   30  -22 0.43603D-06 -.38378D-06
   30  -21 -.24519D-06 0.16895D-06
   30  -20 -.66076D-07 -.76648D-07
   30  -19 -.23599D-06 -.14533D-06
   30  -18 0.53331D-06 -.58158D-06
   30  -17 -.35277D-06 0.13254D-06
   30  -16 -.58485D-06 -.10549D-08
   30  -15 -.23465D-06 -.27774D-06
   30  -14 0.29603D-06 0.17437D-06
   30  -13 -.41536D-07 -.16459D-06
   30  -12 0.46234D-06 -.37817D-06
   30  -11 -.59375D-06 -.12305D-06
   30  -10 -.79055D-06 0.24394D-06
   30   -9 0.33822D-06 0.11767D-05
   30   -8 0.89413D-06 -.32306D-06
   30   -7 -.29277D-06 0.19515D-06
   30   -6 -.28731D-06 -.18103D-06
   30   -5 0.25609D-08 -.41232D-07
   30   -4 -.14241D-06 -.30745D-07
   30   -3 -.69788D-07 0.24708D-06
   30   -2 0.32464D-06 0.29118D-06
   30   -1 0.57915D-07 -.37203D-06
   30    0 0.82438D-07 0.00000D+00
   30    1 -.57915D-07 -.37203D-06
   30    2 0.32464D-06 -.29118D-06
   30    3 0.69788D-07 0.24708D-06
   30    4 -.14241D-06 0.30745D-07
   30    5 -.25609D-08 -.41232D-07
   30    6 -.28731D-06 0.18103D-06
   30    7 0.29277D-06 0.19515D-06
   30    8 0.89413D-06 0.32306D-06
   30    9 -.33822D-06 0.11767D-05
   30   10 -.79055D-06 -.24394D-06
   30   11 0.59375D-06 -.12305D-06
   30   12 0.46234D-06 0.37817D-06
   30   13 0.41536D-07 -.16459D-06
   30   14 0.29603D-06 -.17437D-06
   30   15 0.23465D-06 -.27774D-06
   30   16 -.58485D-06 0.10549D-08
   30   17 0.35277D-06 0.13254D-06
   30   18 0.53331D-06 0.58158D-06
   30   19 0.23599D-06 -.14533D-06
   30   20 -.66076D-07 0.76648D-07
   30   21 0.24519D-06 0.16895D-06
   30   22 0.43603D-06 0.38378D-06
   30   23 -.79395D-07 -.10642D-06
   30   24 -.50432D-07 -.17785D-06
   30   25 -.48421D-06 -.25172D-06
   30   26 0.33362D-06 0.15190D-06
   30   27 0.42234D-08 -.54491D-06
   30   28 0.44309D-06 0.38644D-06
   30   29 -.43953D-06 0.33937D-06
   30   30 -.78054D-06 0.44448D-06
   31  -31 -.95268D-06 0.10575D-05
   31  -30 -.10258D-07 -.27013D-06
   31  -29 -.60597D-07 -.16131D-06
   31  -28 0.74073D-07 -.73317D-06
   31  -27 -.46247D-07 -.31206D-06
   31  -26 0.44694D-06 -.10245D-06
   31  -25 -.20242D-06 -.58740D-07
   31  -24 -.15532D-06 0.17412D-06
   31  -23 0.16629D-06 -.43996D-06
   31  -22 -.37949D-06 0.39557D-06
   31  -21 0.46962D-07 -.18821D-06
   31  -20 -.26068D-06 0.24933D-06
   31  -19 0.28176D-06 -.46931D-06
   31  -18 -.31907D-06 0.32066D-06
   31  -17 -.55849D-06 0.15222D-06
   31  -16 -.21891D-07 -.11681D-06
   31  -15 0.60653D-06 0.53282D-07
   31  -14 0.10951D-06 0.19095D-06
   31  -13 -.30163D-06 -.40497D-06
   31  -12 -.18857D-06 0.50062D-06
   31  -11 -.89449D-06 0.24377D-06
   31  -10 0.11378D-07 -.50643D-06
   31   -9 0.14202D-05 0.96536D-06
   31   -8 -.31490D-06 -.33403D-06
   31   -7 -.74144D-06 -.10620D-05
   31   -6 -.21001D-07 0.11147D-06
   31   -5 -.78470D-07 0.88053D-06
   31   -4 0.18653D-06 0.85779D-07
   31   -3 0.51285D-06 -.44582D-06
   31   -2 -.37746D-06 -.13164D-06
   31   -1 -.91751D-06 0.13490D-06
   31    0 0.10080D-05 0.00000D+00
   31    1 0.91751D-06 0.13490D-06
   31    2 -.37746D-06 0.13164D-06
   31    3 -.51285D-06 -.44582D-06
   31    4 0.18653D-06 -.85779D-07
   31    5 0.78470D-07 0.88053D-06
   31    6 -.21001D-07 -.11147D-06
   31    7 0.74144D-06 -.10620D-05
   31    8 -.31490D-06 0.33403D-06
   31    9 -.14202D-05 0.96536D-06
   31   10 0.11378D-07 0.50643D-06
   31   11 0.89449D-06 0.24377D-06
   31   12 -.18857D-06 -.50062D-06
   31   13 0.30163D-06 -.40497D-06
   31   14 0.10951D-06 -.19095D-06
   31   15 -.60653D-06 0.53282D-07
   31   16 -.21891D-07 0.11681D-06
   31   17 0.55849D-06 0.15222D-06
   31   18 -.31907D-06 -.32066D-06
   31   19 -.28176D-06 -.46931D-06
   31   20 -.26068D-06 -.24933D-06
   31   21 -.46962D-07 -.18821D-06
   31   22 -.37949D-06 -.39557D-06
   31   23 -.16629D-06 -.43996D-06
   31   24 -.15532D-06 -.17412D-06
   31   25 0.20242D-06 -.58740D-07
   31   26 0.44694D-06 0.10245D-06
   31   27 0.46247D-07 -.31206D-06
   31   28 0.74073D-07 0.73317D-06
   31   29 0.60597D-07 -.16131D-06
   31   30 -.10258D-07 0.27013D-06
   31   31 0.95268D-06 0.10575D-05
   32  -32 -.52722D-06 0.18881D-05
   32  -31 -.29517D-06 -.64764D-06
   32  -30 -.45388D-06 0.18629D-06
   32  -29 -.44082D-07 -.51360D-06
   32  -28 -.27781D-06 -.31280D-06
   32  -27 0.29889D-06 0.22927D-07
   32  -26 -.33475D-06 -.14356D-06
   32  -25 -.30994D-06 0.21960D-06
   32  -24 -.13373D-06 -.38905D-06
   32  -23 -.38675D-06 0.41626D-06
   32  -22 0.35929D-07 -.27053D-06
   32  -21 -.19575D-06 0.44686D-06
   32  -20 -.58334D-07 -.31690D-06
   32  -19 -.14930D-06 0.40557D-06
   32  -18 -.24077D-06 0.28260D-06
   32  -17 0.13735D-06 -.65488D-07
   32  -16 0.72205D-06 -.36267D-07
   32  -15 0.22639D-07 0.29667D-06
   32  -14 -.54038D-06 -.30546D-06
   32  -13 -.14377D-06 0.14054D-06
   32  -12 0.92041D-07 0.51146D-06
   32  -11 0.34538D-06 -.13801D-07
   32  -10 0.33114D-06 -.81890D-06
   32   -9 -.83656D-07 0.81446D-06
   32   -8 -.10635D-05 -.24810D-06
   32   -7 0.31094D-06 -.62245D-06
   32   -6 0.28266D-06 0.63592D-06
   32   -5 -.13721D-06 0.94827D-07
   32   -4 0.28281D-06 -.40652D-06
   32   -3 -.25990D-06 -.40336D-06
   32   -2 -.29809D-06 -.35598D-07
   32   -1 0.17367D-06 0.40378D-06
   32    0 0.35016D-06 0.00000D+00
   32    1 -.17367D-06 0.40378D-06
   32    2 -.29809D-06 0.35598D-07
   32    3 0.25990D-06 -.40336D-06
   32    4 0.28281D-06 0.40652D-06
   32    5 0.13721D-06 0.94827D-07
   32    6 0.28266D-06 -.63592D-06
   32    7 -.31094D-06 -.62245D-06
   32    8 -.10635D-05 0.24810D-06
   32    9 0.83656D-07 0.81446D-06
   32   10 0.33114D-06 0.81890D-06
   32   11 -.34538D-06 -.13801D-07
   32   12 0.92041D-07 -.51146D-06
   32   13 0.14377D-06 0.14054D-06
   32   14 -.54038D-06 0.30546D-06
   32   15 -.22639D-07 0.29667D-06
   32   16 0.72205D-06 0.36267D-07
   32   17 -.13735D-06 -.65488D-07
   32   18 -.24077D-06 -.28260D-06
   32   19 0.14930D-06 0.40557D-06
   32   20 -.58334D-07 0.31690D-06
   32   21 0.19575D-06 0.44686D-06
   32   22 0.35929D-07 0.27053D-06
   32   23 0.38675D-06 0.41626D-06
   32   24 -.13373D-06 0.38905D-06
   32   25 0.30994D-06 0.21960D-06
   32   26 -.33475D-06 0.14356D-06
   32   27 -.29889D-06 0.22927D-07
   32   28 -.27781D-06 0.31280D-06
   32   29 0.44082D-07 -.51360D-06
   32   30 -.45388D-06 -.18629D-06
   32   31 0.29517D-06 -.64764D-06
   32   32 -.52722D-06 -.18881D-05
   33  -33 0.13931D-06 0.16223D-05
   33  -32 -.22158D-06 -.59773D-06
   33  -31 -.55100D-06 0.45355D-06
   33  -30 -.26659D-06 -.44399D-07
   33  -29 -.27380D-06 -.20646D-06
   33  -28 0.95254D-07 0.10211D-06
   33  -27 -.34349D-06 -.30624D-07
   33  -26 -.30048D-06 0.56952D-07
   33  -25 -.32432D-06 -.15603D-06
   33  -24 -.14903D-06 0.20743D-06
   33  -23 -.51746D-08 -.13286D-06
   33  -22 0.71876D-07 0.44714D-06
   33  -21 -.32512D-06 0.49191D-07
   33  -20 0.12316D-06 0.33776D-06
   33  -19 -.68921D-07 0.36564D-06
   33  -18 0.32669D-06 0.88953D-07
   33  -17 0.51986D-06 -.13980D-06
   33  -16 -.90055D-09 0.35866D-06
   33  -15 -.77606D-06 -.39122D-07
   33  -14 -.35623D-07 0.68811D-07
   33  -13 0.35659D-06 0.44375D-06
   33  -12 0.29231D-06 -.72881D-07
   33  -11 0.78217D-06 -.35147D-06
   33  -10 -.64464D-06 -.73690D-06
   33   -9 -.91680D-06 -.27885D-06
   33   -8 0.19229D-06 0.70702D-06
   33   -7 0.77465D-06 0.30993D-06
   33   -6 -.10925D-06 0.11944D-06
   33   -5 0.64607D-07 -.13548D-06
   33   -4 0.13910D-06 -.52173D-06
   33   -3 -.54299D-07 -.31448D-07
   33   -2 0.21061D-06 0.32485D-06
   33   -1 -.87220D-07 0.25552D-06
   33    0 -.46320D-06 0.00000D+00
   33    1 0.87220D-07 0.25552D-06
   33    2 0.21061D-06 -.32485D-06
   33    3 0.54299D-07 -.31448D-07
   33    4 0.13910D-06 0.52173D-06
   33    5 -.64607D-07 -.13548D-06
   33    6 -.10925D-06 -.11944D-06
   33    7 -.77465D-06 0.30993D-06
   33    8 0.19229D-06 -.70702D-06
   33    9 0.91680D-06 -.27885D-06
   33   10 -.64464D-06 0.73690D-06
   33   11 -.78217D-06 -.35147D-06
   33   12 0.29231D-06 0.72881D-07
   33   13 -.35659D-06 0.44375D-06
   33   14 -.35623D-07 -.68811D-07
   33   15 0.77606D-06 -.39122D-07
   33   16 -.90055D-09 -.35866D-06
   33   17 -.51986D-06 -.13980D-06
   33   18 0.32669D-06 -.88953D-07
   33   19 0.68921D-07 0.36564D-06
   33   20 0.12316D-06 -.33776D-06
   33   21 0.32512D-06 0.49191D-07
   33   22 0.71876D-07 -.44714D-06
   33   23 0.51746D-08 -.13286D-06
   33   24 -.14903D-06 -.20743D-06
   33   25 0.32432D-06 -.15603D-06
   33   26 -.30048D-06 -.56952D-07
   33   27 0.34349D-06 -.30624D-07
   33   28 0.95254D-07 -.10211D-06
   33   29 0.27380D-06 -.20646D-06
   33   30 -.26659D-06 0.44399D-07
   33   31 0.55100D-06 0.45355D-06
   33   32 -.22158D-06 0.59773D-06
   33   33 -.13931D-06 0.16223D-05
   34  -34 0.59739D-06 0.51685D-06
   34  -33 0.15794D-06 -.18011D-06
   34  -32 -.35836D-06 0.51067D-06
   34  -31 -.41474D-06 0.39289D-06
   34  -30 -.81570D-07 -.10691D-06
   34  -29 -.76403D-07 0.12673D-06
   34  -28 -.22028D-06 0.18506D-06
   34  -27 -.17071D-06 -.13929D-06
   34  -26 -.36136D-06 0.10257D-06
   34  -25 0.97823D-07 -.10278D-06
   34  -24 0.20786D-07 -.46757D-07
   34  -23 0.21548D-06 0.29824D-06
   34  -22 -.44610D-06 0.16967D-06
   34  -21 0.19701D-06 0.78318D-07
   34  -20 0.10527D-06 0.15004D-06
   34  -19 0.25810D-06 0.14967D-06
   34  -18 0.33550D-06 -.14541D-06
   34  -17 -.58560D-07 0.11966D-06
   34  -16 -.78898D-06 0.23208D-06
   34  -15 0.11381D-06 -.11329D-06
   34  -14 0.96322D-06 0.19215D-06
   34  -13 0.20777D-06 -.12141D-06
   34  -12 -.33095D-06 -.51551D-06
   34  -11 0.79343D-07 0.27931D-06
   34  -10 -.89614D-06 0.13762D-08
   34   -9 0.11720D-06 -.94426D-06
   34   -8 0.91772D-06 0.10850D-05
   34   -7 -.29625D-06 -.58636D-08
   34   -6 -.21914D-06 -.10428D-05
   34   -5 0.10435D-06 -.30473D-06
   34   -4 -.42038D-06 0.62339D-06
   34   -3 0.24545D-06 0.31210D-06
   34   -2 0.21850D-06 -.20198D-06
   34   -1 -.68595D-06 0.62970D-07
   34    0 -.27841D-06 0.00000D+00
   34    1 0.68595D-06 0.62970D-07
   34    2 0.21850D-06 0.20198D-06
   34    3 -.24545D-06 0.31210D-06
   34    4 -.42038D-06 -.62339D-06
   34    5 -.10435D-06 -.30473D-06
   34    6 -.21914D-06 0.10428D-05
   34    7 0.29625D-06 -.58636D-08
   34    8 0.91772D-06 -.10850D-05
   34    9 -.11720D-06 -.94426D-06
   34   10 -.89614D-06 -.13762D-08
   34   11 -.79343D-07 0.27931D-06
   34   12 -.33095D-06 0.51551D-06
   34   13 -.20777D-06 -.12141D-06
   34   14 0.96322D-06 -.19215D-06
   34   15 -.11381D-06 -.11329D-06
   34   16 -.78898D-06 -.23208D-06
   34   17 0.58560D-07 0.11966D-06
   34   18 0.33550D-06 0.14541D-06
   34   19 -.25810D-06 0.14967D-06
   34   20 0.10527D-06 -.15004D-06
   34   21 -.19701D-06 0.78318D-07
   34   22 -.44610D-06 -.16967D-06
   34   23 -.21548D-06 0.29824D-06
   34   24 0.20786D-07 0.46757D-07
   34   25 -.97823D-07 -.10278D-06
   34   26 -.36136D-06 -.10257D-06
   34   27 0.17071D-06 -.13929D-06
   34   28 -.22028D-06 -.18506D-06
   34   29 0.76403D-07 0.12673D-06
   34   30 -.81570D-07 0.10691D-06
   34   31 0.41474D-06 0.39289D-06
   34   32 -.35836D-06 -.51067D-06
   34   33 -.15794D-06 -.18011D-06
   34   34 0.59739D-06 -.51685D-06
   35  -35 0.58394D-06 -.71097D-06
   35  -34 0.60062D-06 0.33444D-06
   35  -33 -.47269D-07 0.37093D-06
   35  -32 -.35246D-06 0.56658D-06
   35  -31 0.15919D-06 -.10663D-06
   35  -30 -.14578D-06 0.88394D-07
   35  -29 -.14535D-07 0.37169D-06
   35  -28 0.12251D-07 -.24029D-06
   35  -27 -.26595D-06 0.32114D-06
   35  -26 0.30145D-06 -.38218D-06
   35  -25 0.21538D-06 0.99722D-07
   35  -24 0.32528D-06 0.11974D-06
   35  -23 -.35350D-06 0.34142D-06
   35  -22 0.26876D-06 -.22712D-06
   35  -21 0.19255D-06 0.67311D-07
   35  -20 0.27416D-06 0.98931D-07
   35  -19 -.65594D-08 -.87259D-07
   35  -18 -.19000D-06 -.29290D-07
   35  -17 -.52398D-06 0.35639D-06
   35  -16 0.14481D-06 -.27566D-06
   35  -15 0.96383D-06 -.15635D-06
   35  -14 0.79735D-10 0.81393D-07
   35  -13 -.59836D-06 -.44492D-06
   35  -12 -.17844D-06 -.36733D-06
   35  -11 0.98110D-07 0.54889D-06
   35  -10 0.38225D-06 0.29891D-06
   35   -9 0.62189D-06 -.57723D-06
   35   -8 -.36040D-07 0.47699D-06
   35   -7 -.47037D-06 -.19107D-06
   35   -6 0.33266D-06 -.40340D-06
   35   -5 -.87167D-07 0.16239D-06
   35   -4 -.43364D-07 0.57693D-06
   35   -3 0.60212D-07 0.30121D-06
   35   -2 -.22299D-06 -.50444D-06
   35   -1 0.60514D-06 -.31193D-06
   35    0 -.21266D-06 0.00000D+00
   35    1 -.60514D-06 -.31193D-06
   35    2 -.22299D-06 0.50444D-06
   35    3 -.60212D-07 0.30121D-06
   35    4 -.43364D-07 -.57693D-06
   35    5 0.87167D-07 0.16239D-06
   35    6 0.33266D-06 0.40340D-06
   35    7 0.47037D-06 -.19107D-06
   35    8 -.36040D-07 -.47699D-06
   35    9 -.62189D-06 -.57723D-06
   35   10 0.38225D-06 -.29891D-06
   35   11 -.98110D-07 0.54889D-06
   35   12 -.17844D-06 0.36733D-06
   35   13 0.59836D-06 -.44492D-06
   35   14 0.79735D-10 -.81393D-07
   35   15 -.96383D-06 -.15635D-06
   35   16 0.14481D-06 0.27566D-06
   35   17 0.52398D-06 0.35639D-06
   35   18 -.19000D-06 0.29290D-07
   35   19 0.65594D-08 -.87259D-07
   35   20 0.27416D-06 -.98931D-07
   35   21 -.19255D-06 0.67311D-07
   35   22 0.26876D-06 0.22712D-06
   35   23 0.35350D-06 0.34142D-06
   35   24 0.32528D-06 -.11974D-06
   35   25 -.21538D-06 0.99722D-07
   35   26 0.30145D-06 0.38218D-06
   35   27 0.26595D-06 0.32114D-06
   35   28 0.12251D-07 0.24029D-06
   35   29 0.14535D-07 0.37169D-06
   35   30 -.14578D-06 -.88394D-07
   35   31 -.15919D-06 -.10663D-06
   35   32 -.35246D-06 -.56658D-06
   35   33 0.47269D-07 0.37093D-06
   35   34 0.60062D-06 -.33444D-06
   35   35 -.58394D-06 -.71097D-06
   36  -36 0.15509D-06 -.13477D-05
   36  -35 0.83663D-06 0.63059D-06
   36  -34 0.16327D-06 0.16528D-06
   36  -33 -.78420D-07 0.41779D-06
   36  -32 0.29473D-06 -.21621D-06
   36  -31 -.99713D-07 -.26554D-08
   36  -30 0.17326D-06 0.41279D-06
   36  -29 0.19311D-06 -.18753D-06
   36  -28 -.17082D-06 0.36390D-06
   36  -27 0.32435D-06 -.45961D-06
   36  -26 0.45209D-06 0.81868D-07
   36  -25 0.22449D-06 0.64087D-07
   36  -24 -.29753D-06 0.16906D-06
   36  -23 0.15745D-06 -.34690D-06
   36  -22 0.22344D-06 -.29761D-06
   36  -21 0.34502D-07 0.71152D-07
   36  -20 -.18499D-06 -.56907D-07
   36  -19 -.35837D-06 -.22391D-06
   36  -18 -.21705D-06 0.29550D-06
   36  -17 0.36922D-06 -.33744D-06
   36  -16 0.64270D-06 -.34783D-06
   36  -15 -.15561D-06 0.21233D-06
   36  -14 -.94811D-06 -.11946D-06
   36  -13 -.13615D-06 -.33773D-06
   36  -12 0.10427D-06 0.56136D-06
   36  -11 0.28528D-06 0.21740D-06
   36  -10 0.10005D-05 0.28811D-06
   36   -9 -.53220D-06 -.75096D-06
   36   -8 -.64082D-06 -.56351D-06
   36   -7 -.25947D-07 0.29773D-06
   36   -6 0.12069D-06 0.55916D-06
   36   -5 -.17851D-06 0.54368D-06
   36   -4 0.25704D-06 -.44702D-07
   36   -3 0.11035D-07 -.56065D-06
   36   -2 0.10271D-06 -.25402D-06
   36   -1 0.48855D-06 0.92722D-07
   36    0 -.56147D-06 0.00000D+00
   36    1 -.48855D-06 0.92722D-07
   36    2 0.10271D-06 0.25402D-06
   36    3 -.11035D-07 -.56065D-06
   36    4 0.25704D-06 0.44702D-07
   36    5 0.17851D-06 0.54368D-06
   36    6 0.12069D-06 -.55916D-06
   36    7 0.25947D-07 0.29773D-06
   36    8 -.64082D-06 0.56351D-06
   36    9 0.53220D-06 -.75096D-06
   36   10 0.10005D-05 -.28811D-06
   36   11 -.28528D-06 0.21740D-06
   36   12 0.10427D-06 -.56136D-06
   36   13 0.13615D-06 -.33773D-06
   36   14 -.94811D-06 0.11946D-06
   36   15 0.15561D-06 0.21233D-06
   36   16 0.64270D-06 0.34783D-06
   36   17 -.36922D-06 -.33744D-06
   36   18 -.21705D-06 -.29550D-06
   36   19 0.35837D-06 -.22391D-06
   36   20 -.18499D-06 0.56907D-07
   36   21 -.34502D-07 0.71152D-07
   36   22 0.22344D-06 0.29761D-06
   36   23 -.15745D-06 -.34690D-06
   36   24 -.29753D-06 -.16906D-06
   36   25 -.22449D-06 0.64087D-07
   36   26 0.45209D-06 -.81868D-07
   36   27 -.32435D-06 -.45961D-06
   36   28 -.17082D-06 -.36390D-06
   36   29 -.19311D-06 -.18753D-06
   36   30 0.17326D-06 -.41279D-06
   36   31 0.99713D-07 -.26554D-08
   36   32 0.29473D-06 0.21621D-06
   36   33 0.78420D-07 0.41779D-06
   36   34 0.16327D-06 -.16528D-06
   36   35 -.83663D-06 0.63059D-06
   36   36 0.15509D-06 0.13477D-05
