    0   36
    0    0 0.14217D-05 0.00000D+00
    1   -1 -.47615D-05 -.60750D-05
    1    0 -.57942D-05 0.00000D+00
    1    1 0.47615D-05 -.60750D-05
    2   -2 -.43337D-03 -.16854D-03
    2   -1 0.81315D-03 -.24783D-03
    2    0 0.35984D-03 0.00000D+00
    2    1 -.81315D-03 -.24783D-03
    2    2 -.43337D-03 0.16854D-03
    3   -3 -.48824D-03 0.26682D-03
    3   -2 0.37464D-03 -.47568D-03
    3   -1 -.30826D-03 -.11511D-03
    3    0 0.43416D-03 0.00000D+00
    3    1 0.30826D-03 -.11511D-03
    3    2 0.37464D-03 0.47568D-03
    3    3 0.48824D-03 0.26682D-03
    4   -4 0.10521D-03 -.54465D-04
    4   -3 0.75023D-04 0.12943D-03
    4   -2 0.28798D-03 0.18193D-03
    4   -1 -.22990D-03 0.37460D-03
    4    0 -.20873D-03 0.00000D+00
    4    1 0.22990D-03 0.37460D-03
    4    2 0.28798D-03 -.18193D-03
    4    3 -.75023D-04 0.12943D-03
    4    4 0.10521D-03 0.54465D-04
    5   -5 0.20425D-03 -.30086D-03
    5   -4 0.91847D-04 -.15887D-03
    5   -3 -.94389D-04 0.32564D-04
    5   -2 0.66015D-04 0.21167D-03
    5   -1 -.47124D-03 0.10202D-03
    5    0 0.13526D-03 0.00000D+00
    5    1 0.47124D-03 0.10202D-03
    5    2 0.66015D-04 -.21167D-03
    5    3 0.94389D-04 0.32564D-04
    5    4 0.91847D-04 0.15887D-03
    5    5 -.20425D-03 -.30086D-03
    6   -6 0.82244D-05 0.38037D-03
    6   -5 0.23768D-03 0.18353D-04
    6   -4 -.16643D-03 -.32134D-03
    6   -3 -.27618D-03 0.56653D-04
    6   -2 -.32390D-03 0.58431D-04
    6   -1 0.67728D-03 0.29183D-03
    6    0 -.70646D-03 0.00000D+00
    6    1 -.67728D-03 0.29183D-03
    6    2 -.32390D-03 -.58431D-04
    6    3 0.27618D-03 0.56653D-04
    6    4 -.16643D-03 0.32134D-03
    6    5 -.23768D-03 0.18353D-04
    6    6 0.82244D-05 -.38037D-03
    7   -7 0.73905D-04 0.36692D-03
    7   -6 0.31120D-03 0.25848D-03
    7   -5 0.79454D-04 -.42591D-03
    7   -4 0.26501D-03 0.36737D-04
    7   -3 -.84185D-05 -.15881D-03
    7   -2 -.19009D-03 -.14222D-03
    7   -1 0.20223D-04 0.49296D-04
    7    0 -.54821D-03 0.00000D+00
    7    1 -.20223D-04 0.49296D-04
    7    2 -.19009D-03 0.14222D-03
    7    3 0.84185D-05 -.15881D-03
    7    4 0.26501D-03 -.36737D-04
    7    5 -.79454D-04 -.42591D-03
    7    6 0.31120D-03 -.25848D-03
    7    7 -.73905D-04 0.36692D-03
    8   -8 -.44525D-04 0.14876D-03
    8   -7 -.11625D-04 0.97895D-04
    8   -6 0.45952D-04 -.12833D-03
    8   -5 -.47228D-05 -.12090D-03
    8   -4 0.23181D-04 -.15423D-03
    8   -3 0.42594D-03 -.39567D-03
    8   -2 -.24326D-03 -.83480D-04
    8   -1 0.58759D-04 -.45024D-04
    8    0 0.54983D-03 0.00000D+00
    8    1 -.58759D-04 -.45024D-04
    8    2 -.24326D-03 0.83480D-04
    8    3 -.42594D-03 -.39567D-03
    8    4 0.23181D-04 0.15423D-03
    8    5 0.47228D-05 -.12090D-03
    8    6 0.45952D-04 0.12833D-03
    8    7 0.11625D-04 0.97895D-04
    8    8 -.44525D-04 -.14876D-03
    9   -9 -.66091D-05 0.22158D-03
    9   -8 0.18423D-03 -.18455D-05
    9   -7 -.19632D-03 -.18514D-04
    9   -6 -.39080D-04 0.15815D-03
    9   -5 0.80255D-04 0.13618D-03
    9   -4 0.80381D-04 -.33659D-04
    9   -3 -.22603D-03 0.21208D-03
    9   -2 0.22628D-03 -.41207D-04
    9   -1 -.25142D-04 -.27568D-03
    9    0 -.82937D-04 0.00000D+00
    9    1 0.25142D-04 -.27568D-03
    9    2 0.22628D-03 0.41207D-04
    9    3 0.22603D-03 0.21208D-03
    9    4 0.80381D-04 0.33659D-04
    9    5 -.80255D-04 0.13618D-03
    9    6 -.39080D-04 -.15815D-03
    9    7 0.19632D-03 -.18514D-04
    9    8 0.18423D-03 0.18455D-05
    9    9 0.66091D-05 0.22158D-03
   10  -10 0.11189D-03 0.13634D-04
   10   -9 0.48956D-04 -.67919D-04
   10   -8 -.13688D-03 -.14785D-03
   10   -7 0.84457D-04 0.23881D-03
   10   -6 0.49150D-04 -.57986D-05
   10   -5 0.30858D-05 -.92824D-04
   10   -4 -.33670D-04 0.11841D-03
   10   -3 0.10170D-03 0.56720D-04
   10   -2 0.18180D-03 0.55128D-04
   10   -1 -.78125D-04 0.10941D-03
   10    0 0.95437D-06 0.00000D+00
   10    1 0.78125D-04 0.10941D-03
   10    2 0.18180D-03 -.55128D-04
   10    3 -.10170D-03 0.56720D-04
   10    4 -.33670D-04 -.11841D-03
   10    5 -.30858D-05 -.92824D-04
   10    6 0.49150D-04 0.57986D-05
   10    7 -.84457D-04 0.23881D-03
   10    8 -.13688D-03 0.14785D-03
   10    9 -.48956D-04 -.67919D-04
   10   10 0.11189D-03 -.13634D-04
   11  -11 -.15961D-03 0.67948D-04
   11  -10 0.71821D-04 -.27776D-04
   11   -9 -.61751D-04 -.61306D-04
   11   -8 0.37889D-04 -.31153D-04
   11   -7 0.64534D-04 0.11577D-03
   11   -6 -.72333D-04 -.20056D-03
   11   -5 -.17174D-03 0.29883D-04
   11   -4 0.16531D-03 -.80400D-04
   11   -3 -.41925D-04 0.91216D-04
   11   -2 0.75628D-04 0.17797D-03
   11   -1 0.13880D-03 0.85876D-04
   11    0 -.20294D-03 0.00000D+00
   11    1 -.13880D-03 0.85876D-04
   11    2 0.75628D-04 -.17797D-03
   11    3 0.41925D-04 0.91216D-04
   11    4 0.16531D-03 0.80400D-04
   11    5 0.17174D-03 0.29883D-04
   11    6 -.72333D-04 0.20056D-03
   11    7 -.64534D-04 0.11577D-03
   11    8 0.37889D-04 0.31153D-04
   11    9 0.61751D-04 -.61306D-04
   11   10 0.71821D-04 0.27776D-04
   11   11 0.15961D-03 0.67948D-04
   12  -12 0.63740D-04 0.67053D-04
   12  -11 -.17694D-03 -.49630D-04
   12  -10 0.47173D-04 0.29447D-04
   12   -9 0.18439D-03 0.93561D-04
   12   -8 0.17404D-04 -.18065D-04
   12   -7 -.66802D-04 -.19669D-03
   12   -6 -.11976D-03 0.52376D-04
   12   -5 0.34259D-04 0.54400D-04
   12   -4 -.13253D-03 -.10741D-03
   12   -3 0.10378D-05 0.36723D-04
   12   -2 -.14688D-03 -.83462D-04
   12   -1 -.35974D-04 0.96836D-04
   12    0 0.97245D-04 0.00000D+00
   12    1 0.35974D-04 0.96836D-04
   12    2 -.14688D-03 0.83462D-04
   12    3 -.10378D-05 0.36723D-04
   12    4 -.13253D-03 0.10741D-03
   12    5 -.34259D-04 0.54400D-04
   12    6 -.11976D-03 -.52376D-04
   12    7 0.66802D-04 -.19669D-03
   12    8 0.17404D-04 0.18065D-04
   12    9 -.18439D-03 0.93561D-04
   12   10 0.47173D-04 -.29447D-04
   12   11 0.17694D-03 -.49630D-04
   12   12 0.63740D-04 -.67053D-04
   13  -13 0.38475D-04 -.58858D-04
   13  -12 0.21483D-04 -.63657D-05
   13  -11 -.10819D-03 -.10035D-03
   13  -10 0.57127D-04 0.13374D-03
   13   -9 0.60414D-04 0.28632D-04
   13   -8 0.70961D-05 0.11419D-04
   13   -7 0.48213D-04 -.15350D-04
   13   -6 0.96273D-04 0.66212D-05
   13   -5 -.51838D-04 -.70258D-05
   13   -4 -.35457D-04 -.10273D-03
   13   -3 0.28414D-04 -.67064D-04
   13   -2 -.13703D-03 -.33030D-04
   13   -1 0.87341D-04 -.70397D-04
   13    0 0.61540D-06 0.00000D+00
   13    1 -.87341D-04 -.70397D-04
   13    2 -.13703D-03 0.33030D-04
   13    3 -.28414D-04 -.67064D-04
   13    4 -.35457D-04 0.10273D-03
   13    5 0.51838D-04 -.70258D-05
   13    6 0.96273D-04 -.66212D-05
   13    7 -.48213D-04 -.15350D-04
   13    8 0.70961D-05 -.11419D-04
   13    9 -.60414D-04 0.28632D-04
   13   10 0.57127D-04 -.13374D-03
   13   11 0.10819D-03 -.10035D-03
   13   12 0.21483D-04 0.63657D-05
   13   13 -.38475D-04 -.58858D-04
   14  -14 0.49404D-04 -.15991D-04
   14  -13 -.70914D-04 -.18810D-04
   14  -12 -.22630D-04 -.77638D-04
   14  -11 -.75274D-04 0.58521D-04
   14  -10 -.63028D-04 0.35563D-04
   14   -9 -.17335D-04 -.32932D-04
   14   -8 0.32545D-04 0.11094D-03
   14   -7 0.12495D-03 -.49135D-04
   14   -6 -.46725D-04 -.62246D-04
   14   -5 0.13999D-03 -.61514D-04
   14   -4 -.10558D-03 0.65029D-04
   14   -3 -.19300D-05 0.97194D-05
   14   -2 0.63940D-04 -.87269D-04
   14   -1 -.18604D-03 -.12145D-03
   14    0 -.15443D-04 0.00000D+00
   14    1 0.18604D-03 -.12145D-03
   14    2 0.63940D-04 0.87269D-04
   14    3 0.19300D-05 0.97194D-05
   14    4 -.10558D-03 -.65029D-04
   14    5 -.13999D-03 -.61514D-04
   14    6 -.46725D-04 0.62246D-04
   14    7 -.12495D-03 -.49135D-04
   14    8 0.32545D-04 -.11094D-03
   14    9 0.17335D-04 -.32932D-04
   14   10 -.63028D-04 -.35563D-04
   14   11 0.75274D-04 0.58521D-04
   14   12 -.22630D-04 0.77638D-04
   14   13 0.70914D-04 -.18810D-04
   14   14 0.49404D-04 0.15991D-04
   15  -15 0.77754D-04 -.37601D-04
   15  -14 -.36129D-04 0.67693D-04
   15  -13 -.13244D-05 -.64635D-04
   15  -12 0.11337D-04 0.24891D-04
   15  -11 -.17377D-04 0.35411D-05
   15  -10 -.66442D-04 0.16763D-04
   15   -9 -.40251D-04 0.90000D-04
   15   -8 0.50371D-04 0.73792D-04
   15   -7 -.66606D-04 0.28429D-04
   15   -6 0.56131D-04 -.23760D-04
   15   -5 0.33670D-04 0.94940D-05
   15   -4 0.11040D-03 0.91238D-05
   15   -3 0.99821D-04 -.11444D-03
   15   -2 0.19719D-04 0.11905D-03
   15   -1 0.69507D-05 -.77227D-04
   15    0 0.82125D-05 0.00000D+00
   15    1 -.69507D-05 -.77227D-04
   15    2 0.19719D-04 -.11905D-03
   15    3 -.99821D-04 -.11444D-03
   15    4 0.11040D-03 -.91238D-05
   15    5 -.33670D-04 0.94940D-05
   15    6 0.56131D-04 0.23760D-04
   15    7 0.66606D-04 0.28429D-04
   15    8 0.50371D-04 -.73792D-04
   15    9 0.40251D-04 0.90000D-04
   15   10 -.66442D-04 -.16763D-04
   15   11 0.17377D-04 0.35411D-05
   15   12 0.11337D-04 -.24891D-04
   15   13 0.13244D-05 -.64635D-04
   15   14 -.36129D-04 -.67693D-04
   15   15 -.77754D-04 -.37601D-04
   16  -16 0.27420D-04 -.48400D-04
   16  -15 -.36014D-04 0.43652D-05
   16  -14 -.19987D-04 -.55596D-05
   16  -13 0.14473D-03 0.30894D-04
   16  -12 -.59323D-04 -.12905D-03
   16  -11 0.19672D-04 -.16500D-04
   16  -10 0.80873D-04 0.14240D-04
   16   -9 -.30315D-05 0.16164D-04
   16   -8 -.71207D-04 0.26431D-04
   16   -7 -.35016D-04 0.18938D-04
   16   -6 -.26016D-04 0.73893D-04
   16   -5 0.47279D-04 0.26308D-04
   16   -4 0.82858D-04 -.42038D-04
   16   -3 -.13716D-03 0.79589D-04
   16   -2 0.15556D-03 0.92187D-04
   16   -1 0.30611D-04 -.10525D-03
   16    0 -.66196D-04 0.00000D+00
   16    1 -.30611D-04 -.10525D-03
   16    2 0.15556D-03 -.92187D-04
   16    3 0.13716D-03 0.79589D-04
   16    4 0.82858D-04 0.42038D-04
   16    5 -.47279D-04 0.26308D-04
   16    6 -.26016D-04 -.73893D-04
   16    7 0.35016D-04 0.18938D-04
   16    8 -.71207D-04 -.26431D-04
   16    9 0.30315D-05 0.16164D-04
   16   10 0.80873D-04 -.14240D-04
   16   11 -.19672D-04 -.16500D-04
   16   12 -.59323D-04 0.12905D-03
   16   13 -.14473D-03 0.30894D-04
   16   14 -.19987D-04 0.55596D-05
   16   15 0.36014D-04 0.43652D-05
   16   16 0.27420D-04 0.48400D-04
   17  -17 0.26646D-05 0.45786D-05
   17  -16 -.15078D-05 -.28354D-05
   17  -15 -.46254D-06 0.96986D-08
   17  -14 -.19393D-05 0.65417D-05
   17  -13 0.70788D-05 -.25871D-05
   17  -12 -.26788D-05 -.39421D-05
   17  -11 -.66386D-06 0.19041D-05
   17  -10 0.58993D-07 -.15872D-05
   17   -9 -.21461D-05 -.23988D-05
   17   -8 -.51506D-05 0.14120D-05
   17   -7 -.17123D-05 0.18479D-05
   17   -6 -.27443D-05 0.42007D-05
   17   -5 0.38177D-05 -.54416D-06
   17   -4 0.63436D-06 0.92714D-06
   17   -3 -.19557D-06 0.18890D-05
   17   -2 0.49692D-05 0.34055D-05
   17   -1 0.43169D-05 0.37490D-06
   17    0 -.45694D-05 0.00000D+00
   17    1 -.43169D-05 0.37490D-06
   17    2 0.49692D-05 -.34055D-05
   17    3 0.19557D-06 0.18890D-05
   17    4 0.63436D-06 -.92714D-06
   17    5 -.38177D-05 -.54416D-06
   17    6 -.27443D-05 -.42007D-05
   17    7 0.17123D-05 0.18479D-05
   17    8 -.51506D-05 -.14120D-05
   17    9 0.21461D-05 -.23988D-05
   17   10 0.58993D-07 0.15872D-05
   17   11 0.66386D-06 0.19041D-05
   17   12 -.26788D-05 0.39421D-05
   17   13 -.70788D-05 -.25871D-05
   17   14 -.19393D-05 -.65417D-05
   17   15 0.46254D-06 0.96986D-08
   17   16 -.15078D-05 0.28354D-05
   17   17 -.26646D-05 0.45786D-05
   18  -18 0.34718D-06 0.19580D-05
   18  -17 -.33549D-06 -.17522D-05
   18  -16 -.17085D-05 -.40713D-06
   18  -15 -.19546D-05 0.49162D-05
   18  -14 0.40641D-05 -.10113D-05
   18  -13 -.76595D-06 0.87580D-07
   18  -12 0.36193D-05 0.92532D-06
   18  -11 -.18332D-05 -.26569D-05
   18  -10 -.63733D-06 0.11110D-05
   18   -9 0.85072D-06 -.66404D-07
   18   -8 -.47511D-06 -.17533D-05
   18   -7 -.23892D-05 -.10281D-06
   18   -6 -.20470D-05 -.74010D-07
   18   -5 -.31780D-06 0.25657D-05
   18   -4 0.28691D-05 0.14413D-05
   18   -3 -.11057D-05 -.19416D-05
   18   -2 -.70425D-06 0.42704D-05
   18   -1 0.42519D-05 0.99111D-06
   18    0 -.64558D-06 0.00000D+00
   18    1 -.42519D-05 0.99111D-06
   18    2 -.70425D-06 -.42704D-05
   18    3 0.11057D-05 -.19416D-05
   18    4 0.28691D-05 -.14413D-05
   18    5 0.31780D-06 0.25657D-05
   18    6 -.20470D-05 0.74010D-07
   18    7 0.23892D-05 -.10281D-06
   18    8 -.47511D-06 0.17533D-05
   18    9 -.85072D-06 -.66404D-07
   18   10 -.63733D-06 -.11110D-05
   18   11 0.18332D-05 -.26569D-05
   18   12 0.36193D-05 -.92532D-06
   18   13 0.76595D-06 0.87580D-07
   18   14 0.40641D-05 0.10113D-05
   18   15 0.19546D-05 0.49162D-05
   18   16 -.17085D-05 0.40713D-06
   18   17 0.33549D-06 -.17522D-05
   18   18 0.34718D-06 -.19580D-05
   19  -19 -.61374D-06 -.67400D-08
   19  -18 0.75804D-06 -.12784D-05
   19  -17 -.16848D-05 -.36347D-06
   19  -16 -.11581D-05 0.22822D-05
   19  -15 0.82524D-06 -.12587D-06
   19  -14 0.59456D-06 0.16861D-05
   19  -13 0.19967D-05 0.87771D-07
   19  -12 -.10429D-05 -.18014D-06
   19  -11 0.94360D-06 -.20448D-05
   19  -10 -.14172D-05 -.48259D-06
   19   -9 0.11298D-06 -.12814D-05
   19   -8 -.13735D-05 -.87323D-06
   19   -7 -.10609D-06 0.11262D-05
   19   -6 0.64565D-06 0.77740D-06
   19   -5 -.32149D-05 0.11963D-05
   19   -4 0.18574D-05 0.10115D-05
   19   -3 -.36712D-06 -.80040D-06
   19   -2 -.27919D-05 0.46751D-06
   19   -1 0.49240D-07 0.43610D-06
   19    0 0.22730D-05 0.00000D+00
   19    1 -.49240D-07 0.43610D-06
   19    2 -.27919D-05 -.46751D-06
   19    3 0.36712D-06 -.80040D-06
   19    4 0.18574D-05 -.10115D-05
   19    5 0.32149D-05 0.11963D-05
   19    6 0.64565D-06 -.77740D-06
   19    7 0.10609D-06 0.11262D-05
   19    8 -.13735D-05 0.87323D-06
   19    9 -.11298D-06 -.12814D-05
   19   10 -.14172D-05 0.48259D-06
   19   11 -.94360D-06 -.20448D-05
   19   12 -.10429D-05 0.18014D-06
   19   13 -.19967D-05 0.87771D-07
   19   14 0.59456D-06 -.16861D-05
   19   15 -.82524D-06 -.12587D-06
   19   16 -.11581D-05 -.22822D-05
   19   17 0.16848D-05 -.36347D-06
   19   18 0.75804D-06 0.12784D-05
   19   19 0.61374D-06 -.67400D-08
   20  -20 -.44088D-06 -.90475D-06
   20  -19 0.12074D-05 -.11217D-05
   20  -18 -.76388D-06 0.38279D-06
   20  -17 0.59515D-07 -.28881D-07
   20  -16 -.11550D-05 -.21068D-06
   20  -15 0.90071D-06 0.18575D-05
   20  -14 0.41539D-06 -.52608D-06
   20  -13 -.79767D-06 0.15963D-05
   20  -12 0.25777D-05 -.12999D-05
   20  -11 -.51792D-06 -.44911D-06
   20  -10 0.96254D-06 0.81310D-06
   20   -9 -.66580D-07 -.19566D-05
   20   -8 -.12802D-05 -.17152D-06
   20   -7 0.62843D-06 0.24272D-06
   20   -6 -.16865D-05 0.10781D-05
   20   -5 -.15431D-06 0.66925D-07
   20   -4 -.17671D-05 0.57532D-06
   20   -3 0.17209D-06 0.13377D-05
   20   -2 0.59151D-06 -.11668D-05
   20   -1 -.17838D-06 0.25355D-06
   20    0 0.22760D-05 0.00000D+00
   20    1 0.17838D-06 0.25355D-06
   20    2 0.59151D-06 0.11668D-05
   20    3 -.17209D-06 0.13377D-05
   20    4 -.17671D-05 -.57532D-06
   20    5 0.15431D-06 0.66925D-07
   20    6 -.16865D-05 -.10781D-05
   20    7 -.62843D-06 0.24272D-06
   20    8 -.12802D-05 0.17152D-06
   20    9 0.66580D-07 -.19566D-05
   20   10 0.96254D-06 -.81310D-06
   20   11 0.51792D-06 -.44911D-06
   20   12 0.25777D-05 0.12999D-05
   20   13 0.79767D-06 0.15963D-05
   20   14 0.41539D-06 0.52608D-06
   20   15 -.90071D-06 0.18575D-05
   20   16 -.11550D-05 0.21068D-06
   20   17 -.59515D-07 -.28881D-07
   20   18 -.76388D-06 -.38279D-06
   20   19 -.12074D-05 -.11217D-05
   20   20 -.44088D-06 0.90475D-06
   21  -21 0.22439D-06 -.78051D-06
   21  -20 0.95683D-06 -.10227D-05
   21  -19 0.29776D-06 0.13954D-05
   21  -18 0.89295D-06 -.11569D-05
   21  -17 -.13934D-05 -.68711D-06
   21  -16 0.73618D-06 0.66556D-06
   21  -15 -.11475D-05 -.44092D-06
   21  -14 0.17463D-06 0.92996D-06
   21  -13 -.28082D-06 -.40771D-06
   21  -12 0.14126D-05 0.86049D-06
   21  -11 0.39152D-06 -.34240D-06
   21  -10 0.17650D-06 -.17130D-06
   21   -9 0.10261D-06 0.72229D-06
   21   -8 0.20857D-05 0.12355D-06
   21   -7 -.59006D-06 -.10542D-05
   21   -6 -.30221D-06 -.18578D-05
   21   -5 -.15531D-05 -.33828D-06
   21   -4 -.55786D-06 -.48605D-06
   21   -3 -.51504D-06 -.71962D-06
   21   -2 -.42808D-06 -.12718D-05
   21   -1 -.51147D-06 0.28246D-06
   21    0 0.67588D-07 0.00000D+00
   21    1 0.51147D-06 0.28246D-06
   21    2 -.42808D-06 0.12718D-05
   21    3 0.51504D-06 -.71962D-06
   21    4 -.55786D-06 0.48605D-06
   21    5 0.15531D-05 -.33828D-06
   21    6 -.30221D-06 0.18578D-05
   21    7 0.59006D-06 -.10542D-05
   21    8 0.20857D-05 -.12355D-06
   21    9 -.10261D-06 0.72229D-06
   21   10 0.17650D-06 0.17130D-06
   21   11 -.39152D-06 -.34240D-06
   21   12 0.14126D-05 -.86049D-06
   21   13 0.28082D-06 -.40771D-06
   21   14 0.17463D-06 -.92996D-06
   21   15 0.11475D-05 -.44092D-06
   21   16 0.73618D-06 -.66556D-06
   21   17 0.13934D-05 -.68711D-06
   21   18 0.89295D-06 0.11569D-05
   21   19 -.29776D-06 0.13954D-05
   21   20 0.95683D-06 0.10227D-05
   21   21 -.22439D-06 -.78051D-06
   22  -22 0.73995D-06 -.63684D-07
   22  -21 0.32393D-06 -.84842D-06
   22  -20 0.88458D-06 0.20134D-05
   22  -19 0.85582D-06 -.10808D-05
   22  -18 -.50478D-06 -.98730D-06
   22  -17 0.43117D-06 -.44594D-06
   22  -16 -.16072D-05 -.19413D-06
   22  -15 0.45801D-06 0.50330D-06
   22  -14 -.75576D-06 0.10160D-07
   22  -13 0.10139D-05 0.11998D-05
   22  -12 0.67614D-06 0.40951D-06
   22  -11 -.24450D-06 0.50611D-06
   22  -10 0.60656D-06 -.13802D-06
   22   -9 -.23570D-06 -.55590D-06
   22   -8 -.93497D-07 -.46304D-06
   22   -7 -.73686D-07 -.13069D-05
   22   -6 0.35063D-06 0.67335D-07
   22   -5 0.71178D-07 -.18506D-06
   22   -4 -.10328D-05 -.55097D-06
   22   -3 0.95835D-06 -.35745D-06
   22   -2 -.49930D-06 -.46884D-06
   22   -1 -.18634D-05 0.43356D-06
   22    0 -.30966D-06 0.00000D+00
   22    1 0.18634D-05 0.43356D-06
   22    2 -.49930D-06 0.46884D-06
   22    3 -.95835D-06 -.35745D-06
   22    4 -.10328D-05 0.55097D-06
   22    5 -.71178D-07 -.18506D-06
   22    6 0.35063D-06 -.67335D-07
   22    7 0.73686D-07 -.13069D-05
   22    8 -.93497D-07 0.46304D-06
   22    9 0.23570D-06 -.55590D-06
   22   10 0.60656D-06 0.13802D-06
   22   11 0.24450D-06 0.50611D-06
   22   12 0.67614D-06 -.40951D-06
   22   13 -.10139D-05 0.11998D-05
   22   14 -.75576D-06 -.10160D-07
   22   15 -.45801D-06 0.50330D-06
   22   16 -.16072D-05 0.19413D-06
   22   17 -.43117D-06 -.44594D-06
   22   18 -.50478D-06 0.98730D-06
   22   19 -.85582D-06 -.10808D-05
   22   20 0.88458D-06 -.20134D-05
   22   21 -.32393D-06 -.84842D-06
   22   22 0.73995D-06 0.63684D-07
   23  -23 0.77469D-06 0.66130D-06
   23  -22 -.28454D-06 -.58937D-06
   23  -21 0.80853D-06 0.18631D-05
   23  -20 0.10363D-06 -.36272D-06
   23  -19 0.53140D-06 -.87072D-06
   23  -18 0.47558D-07 -.67170D-06
   23  -17 -.83717D-06 0.16785D-06
   23  -16 0.41285D-06 -.47950D-06
   23  -15 -.68396D-06 0.49469D-06
   23  -14 0.82160D-06 -.36176D-06
   23  -13 -.11979D-05 0.83632D-06
   23  -12 0.49823D-08 0.64835D-06
   23  -11 -.57953D-07 0.67341D-07
   23  -10 0.88661D-06 0.43748D-06
   23   -9 0.24733D-06 0.14573D-06
   23   -8 -.12961D-07 -.39775D-06
   23   -7 0.12446D-06 -.51434D-06
   23   -6 0.45501D-06 0.33224D-07
   23   -5 0.14572D-05 -.72040D-06
   23   -4 -.28788D-07 -.10624D-05
   23   -3 0.93281D-07 0.79381D-06
   23   -2 0.80548D-06 0.34649D-06
   23   -1 -.17811D-06 -.74030D-06
   23    0 -.81570D-06 0.00000D+00
   23    1 0.17811D-06 -.74030D-06
   23    2 0.80548D-06 -.34649D-06
   23    3 -.93281D-07 0.79381D-06
   23    4 -.28788D-07 0.10624D-05
   23    5 -.14572D-05 -.72040D-06
   23    6 0.45501D-06 -.33224D-07
   23    7 -.12446D-06 -.51434D-06
   23    8 -.12961D-07 0.39775D-06
   23    9 -.24733D-06 0.14573D-06
   23   10 0.88661D-06 -.43748D-06
   23   11 0.57953D-07 0.67341D-07
   23   12 0.49823D-08 -.64835D-06
   23   13 0.11979D-05 0.83632D-06
   23   14 0.82160D-06 0.36176D-06
   23   15 0.68396D-06 0.49469D-06
   23   16 0.41285D-06 0.47950D-06
   23   17 0.83717D-06 0.16785D-06
   23   18 0.47558D-07 0.67170D-06
   23   19 -.53140D-06 -.87072D-06
   23   20 0.10363D-06 0.36272D-06
   23   21 -.80853D-06 0.18631D-05
   23   22 -.28454D-06 0.58937D-06
   23   23 -.77469D-06 0.66130D-06
   24  -24 0.39345D-06 0.93300D-06
   24  -23 -.61022D-06 -.30373D-06
   24  -22 0.32474D-06 0.10678D-05
   24  -21 -.76679D-06 0.30020D-06
   24  -20 0.10858D-05 -.48326D-06
   24  -19 -.38851D-06 -.18568D-06
   24  -18 0.22223D-06 0.42938D-06
   24  -17 0.19595D-06 -.86620D-06
   24  -16 -.17439D-06 0.45859D-06
   24  -15 -.12297D-06 -.36928D-06
   24  -14 -.66741D-06 0.47611D-06
   24  -13 -.85463D-06 0.37497D-06
   24  -12 -.50223D-07 -.16318D-06
   24  -11 0.97214D-07 0.52790D-06
   24  -10 0.42404D-06 -.78144D-06
   24   -9 -.92629D-06 0.58187D-07
   24   -8 0.12896D-05 0.51976D-06
   24   -7 0.10464D-05 0.36862D-06
   24   -6 0.33563D-06 -.96158D-06
   24   -5 0.57413D-06 -.43753D-06
   24   -4 0.48669D-06 0.32565D-06
   24   -3 -.85361D-06 -.70653D-06
   24   -2 -.27860D-06 -.37622D-07
   24   -1 0.10954D-05 -.67792D-06
   24    0 -.12771D-05 0.00000D+00
   24    1 -.10954D-05 -.67792D-06
   24    2 -.27860D-06 0.37622D-07
   24    3 0.85361D-06 -.70653D-06
   24    4 0.48669D-06 -.32565D-06
   24    5 -.57413D-06 -.43753D-06
   24    6 0.33563D-06 0.96158D-06
   24    7 -.10464D-05 0.36862D-06
   24    8 0.12896D-05 -.51976D-06
   24    9 0.92629D-06 0.58187D-07
   24   10 0.42404D-06 0.78144D-06
   24   11 -.97214D-07 0.52790D-06
   24   12 -.50223D-07 0.16318D-06
   24   13 0.85463D-06 0.37497D-06
   24   14 -.66741D-06 -.47611D-06
   24   15 0.12297D-06 -.36928D-06
   24   16 -.17439D-06 -.45859D-06
   24   17 -.19595D-06 -.86620D-06
   24   18 0.22223D-06 -.42938D-06
   24   19 0.38851D-06 -.18568D-06
   24   20 0.10858D-05 0.48326D-06
   24   21 0.76679D-06 0.30020D-06
   24   22 0.32474D-06 -.10678D-05
   24   23 0.61022D-06 -.30373D-06
   24   24 0.39345D-06 -.93300D-06
   25  -25 -.80742D-07 0.60869D-06
   25  -24 -.62952D-06 -.54145D-07
   25  -23 -.12256D-06 0.11898D-06
   25  -22 -.11796D-05 0.47940D-06
   25  -21 0.99451D-06 -.79956D-07
   25  -20 -.74457D-06 0.46769D-06
   25  -19 0.68675D-06 0.44517D-06
   25  -18 -.60584D-07 -.33971D-06
   25  -17 0.67849D-06 0.19974D-06
   25  -16 -.76409D-06 -.49239D-06
   25  -15 0.18629D-06 0.11356D-06
   25  -14 -.81388D-06 -.59244D-06
   25  -13 0.17620D-06 -.31236D-06
   25  -12 -.36850D-06 -.23387D-06
   25  -11 0.33909D-07 0.45357D-06
   25  -10 -.35893D-06 0.11386D-06
   25   -9 -.31853D-07 0.42510D-07
   25   -8 0.10032D-06 0.70900D-06
   25   -7 -.21562D-06 0.18815D-06
   25   -6 0.32773D-06 0.52332D-06
   25   -5 0.43968D-06 0.10546D-05
   25   -4 0.59516D-06 0.94261D-06
   25   -3 0.67515D-06 -.36584D-06
   25   -2 0.87980D-06 0.22587D-06
   25   -1 0.18693D-07 -.97272D-07
   25    0 -.78847D-06 0.00000D+00
   25    1 -.18693D-07 -.97272D-07
   25    2 0.87980D-06 -.22587D-06
   25    3 -.67515D-06 -.36584D-06
   25    4 0.59516D-06 -.94261D-06
   25    5 -.43968D-06 0.10546D-05
   25    6 0.32773D-06 -.52332D-06
   25    7 0.21562D-06 0.18815D-06
   25    8 0.10032D-06 -.70900D-06
   25    9 0.31853D-07 0.42510D-07
   25   10 -.35893D-06 -.11386D-06
   25   11 -.33909D-07 0.45357D-06
   25   12 -.36850D-06 0.23387D-06
   25   13 -.17620D-06 -.31236D-06
   25   14 -.81388D-06 0.59244D-06
   25   15 -.18629D-06 0.11356D-06
   25   16 -.76409D-06 0.49239D-06
   25   17 -.67849D-06 0.19974D-06
   25   18 -.60584D-07 0.33971D-06
   25   19 -.68675D-06 0.44517D-06
   25   20 -.74457D-06 -.46769D-06
   25   21 -.99451D-06 -.79956D-07
   25   22 -.11796D-05 -.47940D-06
   25   23 0.12256D-06 0.11898D-06
   25   24 -.62952D-06 0.54145D-07
   25   25 0.80742D-07 0.60869D-06
   26  -26 -.31238D-06 -.11109D-06
   26  -25 -.48639D-06 0.12960D-06
   26  -24 -.19527D-06 -.47960D-06
   26  -23 -.93441D-06 0.17083D-06
   26  -22 0.55495D-06 0.13347D-06
   26  -21 -.87350D-06 0.81709D-06
   26  -20 0.53406D-06 0.13454D-06
   26  -19 -.21988D-06 0.36578D-06
   26  -18 0.10869D-05 -.13200D-06
   26  -17 -.97132D-06 -.24870D-06
   26  -16 0.50854D-06 -.32982D-06
   26  -15 -.81797D-06 -.20590D-06
   26  -14 0.61271D-06 -.48991D-06
   26  -13 -.50878D-06 -.52240D-06
   26  -12 -.42430D-06 0.21457D-06
   26  -11 -.25307D-06 0.20885D-06
   26  -10 -.25427D-06 0.17719D-06
   26   -9 0.12196D-05 0.85469D-06
   26   -8 -.21662D-06 0.12943D-06
   26   -7 0.15354D-06 0.31993D-06
   26   -6 -.89019D-06 0.56502D-06
   26   -5 0.48737D-06 0.87046D-06
   26   -4 0.95147D-06 -.71094D-06
   26   -3 -.25679D-06 -.52703D-06
   26   -2 0.51603D-06 0.73999D-06
   26   -1 0.47946D-06 -.27763D-06
   26    0 0.80216D-06 0.00000D+00
   26    1 -.47946D-06 -.27763D-06
   26    2 0.51603D-06 -.73999D-06
   26    3 0.25679D-06 -.52703D-06
   26    4 0.95147D-06 0.71094D-06
   26    5 -.48737D-06 0.87046D-06
   26    6 -.89019D-06 -.56502D-06
   26    7 -.15354D-06 0.31993D-06
   26    8 -.21662D-06 -.12943D-06
   26    9 -.12196D-05 0.85469D-06
   26   10 -.25427D-06 -.17719D-06
   26   11 0.25307D-06 0.20885D-06
   26   12 -.42430D-06 -.21457D-06
   26   13 0.50878D-06 -.52240D-06
   26   14 0.61271D-06 0.48991D-06
   26   15 0.81797D-06 -.20590D-06
   26   16 0.50854D-06 0.32982D-06
   26   17 0.97132D-06 -.24870D-06
   26   18 0.10869D-05 0.13200D-06
   26   19 0.21988D-06 0.36578D-06
   26   20 0.53406D-06 -.13454D-06
   26   21 0.87350D-06 0.81709D-06
   26   22 0.55495D-06 -.13347D-06
   26   23 0.93441D-06 0.17083D-06
   26   24 -.19527D-06 0.47960D-06
   26   25 0.48639D-06 0.12960D-06
   26   26 -.31238D-06 0.11109D-06
   27  -27 -.16017D-06 -.82943D-06
   27  -26 -.35722D-06 0.25671D-06
   27  -25 0.15024D-06 -.52008D-06
   27  -24 -.28612D-06 -.31054D-06
   27  -23 0.17082D-06 0.16387D-06
   27  -22 -.76067D-06 0.69809D-06
   27  -21 0.26673D-07 -.29356D-06
   27  -20 -.12300D-06 0.66810D-06
   27  -19 0.59508D-06 -.33727D-06
   27  -18 -.80199D-06 0.42807D-06
   27  -17 0.55217D-06 -.55890D-06
   27  -16 -.19476D-06 0.17338D-06
   27  -15 0.95030D-06 -.58671D-06
   27  -14 -.21093D-06 -.11792D-06
   27  -13 0.42445D-06 0.32244D-07
   27  -12 -.44376D-06 -.91698D-07
   27  -11 -.20132D-06 0.18954D-06
   27  -10 0.30474D-06 -.59662D-07
   27   -9 -.95361D-06 -.38145D-06
   27   -8 -.39136D-06 -.47916D-07
   27   -7 -.39333D-06 0.10290D-05
   27   -6 0.26015D-06 0.34335D-06
   27   -5 -.10320D-05 -.42782D-06
   27   -4 0.49987D-06 0.17006D-06
   27   -3 -.29968D-06 0.50486D-06
   27   -2 -.89668D-06 0.64136D-07
   27   -1 0.52115D-06 0.57021D-07
   27    0 0.11283D-05 0.00000D+00
   27    1 -.52115D-06 0.57021D-07
   27    2 -.89668D-06 -.64136D-07
   27    3 0.29968D-06 0.50486D-06
   27    4 0.49987D-06 -.17006D-06
   27    5 0.10320D-05 -.42782D-06
   27    6 0.26015D-06 -.34335D-06
   27    7 0.39333D-06 0.10290D-05
   27    8 -.39136D-06 0.47916D-07
   27    9 0.95361D-06 -.38145D-06
   27   10 0.30474D-06 0.59662D-07
   27   11 0.20132D-06 0.18954D-06
   27   12 -.44376D-06 0.91698D-07
   27   13 -.42445D-06 0.32244D-07
   27   14 -.21093D-06 0.11792D-06
   27   15 -.95030D-06 -.58671D-06
   27   16 -.19476D-06 -.17338D-06
   27   17 -.55217D-06 -.55890D-06
   27   18 -.80199D-06 -.42807D-06
   27   19 -.59508D-06 -.33727D-06
   27   20 -.12300D-06 -.66810D-06
   27   21 -.26673D-07 -.29356D-06
   27   22 -.76067D-06 -.69809D-06
   27   23 -.17082D-06 0.16387D-06
   27   24 -.28612D-06 0.31054D-06
   27   25 -.15024D-06 -.52008D-06
   27   26 -.35722D-06 -.25671D-06
   27   27 0.16017D-06 -.82943D-06
   28  -28 0.26070D-06 -.11850D-05
   28  -27 -.34292D-06 0.35962D-06
   28  -26 0.69104D-06 -.17598D-06
   28  -25 0.28762D-06 -.60015D-06
   28  -24 0.12126D-06 0.13276D-06
   28  -23 -.48981D-06 0.24912D-06
   28  -22 -.34562D-06 -.67684D-06
   28  -21 0.21605D-06 0.50837D-06
   28  -20 -.12304D-06 -.41251D-06
   28  -19 -.49886D-06 0.75293D-06
   28  -18 0.26347D-06 -.58086D-06
   28  -17 0.45977D-06 0.38413D-06
   28  -16 0.55370D-06 -.33660D-06
   28  -15 -.13709D-06 0.16024D-06
   28  -14 0.31385D-07 0.16505D-06
   28  -13 0.97452D-07 -.22679D-06
   28  -12 -.17066D-06 -.14438D-06
   28  -11 0.51518D-06 -.35884D-06
   28  -10 -.93255D-06 0.64869D-06
   28   -9 0.27654D-06 -.25859D-06
   28   -8 -.96667D-06 0.21929D-07
   28   -7 0.24345D-06 -.13019D-06
   28   -6 -.60631D-06 -.36180D-06
   28   -5 -.22818D-06 0.23860D-06
   28   -4 -.40729D-06 0.96563D-06
   28   -3 0.56585D-06 0.86000D-06
   28   -2 0.68824D-06 -.57106D-06
   28   -1 -.42162D-06 0.48879D-06
   28    0 0.59065D-06 0.00000D+00
   28    1 0.42162D-06 0.48879D-06
   28    2 0.68824D-06 0.57106D-06
   28    3 -.56585D-06 0.86000D-06
   28    4 -.40729D-06 -.96563D-06
   28    5 0.22818D-06 0.23860D-06
   28    6 -.60631D-06 0.36180D-06
   28    7 -.24345D-06 -.13019D-06
   28    8 -.96667D-06 -.21929D-07
   28    9 -.27654D-06 -.25859D-06
   28   10 -.93255D-06 -.64869D-06
   28   11 -.51518D-06 -.35884D-06
   28   12 -.17066D-06 0.14438D-06
   28   13 -.97452D-07 -.22679D-06
   28   14 0.31385D-07 -.16505D-06
   28   15 0.13709D-06 0.16024D-06
   28   16 0.55370D-06 0.33660D-06
   28   17 -.45977D-06 0.38413D-06
   28   18 0.26347D-06 0.58086D-06
   28   19 0.49886D-06 0.75293D-06
   28   20 -.12304D-06 0.41251D-06
   28   21 -.21605D-06 0.50837D-06
   28   22 -.34562D-06 0.67684D-06
   28   23 0.48981D-06 0.24912D-06
   28   24 0.12126D-06 -.13276D-06
   28   25 -.28762D-06 -.60015D-06
   28   26 0.69104D-06 0.17598D-06
   28   27 0.34292D-06 0.35962D-06
   28   28 0.26070D-06 0.11850D-05
   29  -29 0.67337D-06 -.10428D-05
   29  -28 -.43743D-06 0.46963D-06
   29  -27 0.11107D-05 0.16096D-06
   29  -26 0.42220D-06 -.51900D-06
   29  -25 0.37996D-06 0.15796D-06
   29  -24 -.26595D-06 -.20692D-06
   29  -23 -.38567D-06 -.80092D-06
   29  -22 0.51768D-06 0.14406D-06
   29  -21 -.65743D-06 -.17974D-06
   29  -20 -.16391D-06 0.44704D-06
   29  -19 -.36993D-06 -.40179D-06
   29  -18 0.90689D-06 0.57013D-06
   29  -17 -.13835D-06 0.55777D-07
   29  -16 0.14090D-06 0.44187D-06
   29  -15 -.26204D-06 -.36556D-07
   29  -14 0.46361D-06 0.64750D-06
   29  -13 0.33520D-06 -.36404D-06
   29  -12 0.20734D-06 -.13634D-06
   29  -11 -.57017D-06 0.39097D-07
   29  -10 -.33917D-06 -.41263D-06
   29   -9 -.21610D-07 -.12795D-06
   29   -8 0.78611D-06 -.37131D-06
   29   -7 -.21650D-06 -.86060D-06
   29   -6 -.34746D-06 -.69276D-06
   29   -5 -.52587D-06 0.65039D-06
   29   -4 -.45157D-07 -.41258D-06
   29   -3 -.34602D-06 -.70053D-06
   29   -2 -.26534D-06 -.21460D-06
   29   -1 -.25595D-06 0.38302D-06
   29    0 -.21543D-06 0.00000D+00
   29    1 0.25595D-06 0.38302D-06
   29    2 -.26534D-06 0.21460D-06
   29    3 0.34602D-06 -.70053D-06
   29    4 -.45157D-07 0.41258D-06
   29    5 0.52587D-06 0.65039D-06
   29    6 -.34746D-06 0.69276D-06
   29    7 0.21650D-06 -.86060D-06
   29    8 0.78611D-06 0.37131D-06
   29    9 0.21610D-07 -.12795D-06
   29   10 -.33917D-06 0.41263D-06
   29   11 0.57017D-06 0.39097D-07
   29   12 0.20734D-06 0.13634D-06
   29   13 -.33520D-06 -.36404D-06
   29   14 0.46361D-06 -.64750D-06
   29   15 0.26204D-06 -.36556D-07
   29   16 0.14090D-06 -.44187D-06
   29   17 0.13835D-06 0.55777D-07
   29   18 0.90689D-06 -.57013D-06
   29   19 0.36993D-06 -.40179D-06
   29   20 -.16391D-06 -.44704D-06
   29   21 0.65743D-06 -.17974D-06
   29   22 0.51768D-06 -.14406D-06
   29   23 0.38567D-06 -.80092D-06
   29   24 -.26595D-06 0.20692D-06
   29   25 -.37996D-06 0.15796D-06
   29   26 0.42220D-06 0.51900D-06
   29   27 -.11107D-05 0.16096D-06
   29   28 -.43743D-06 -.46963D-06
   29   29 -.67337D-06 -.10428D-05
   30  -30 0.81765D-06 -.54704D-06
   30  -29 -.56528D-06 0.59761D-06
   30  -28 0.12011D-05 0.15282D-06
   30  -27 0.69854D-07 -.13816D-06
   30  -26 0.73029D-06 0.24682D-06
   30  -25 -.26622D-06 -.40194D-06
   30  -24 -.46792D-07 -.62279D-06
   30  -23 0.66982D-06 -.17351D-06
   30  -22 -.62244D-06 0.11899D-06
   30  -21 0.98409D-07 -.63401D-07
   30  -20 -.59603D-06 -.25127D-06
   30  -19 0.88409D-06 0.38996D-06
   30  -18 -.63652D-06 0.31925D-06
   30  -17 0.21290D-07 0.31543D-06
   30  -16 -.33253D-06 0.49554D-07
   30  -15 0.52172D-06 0.28948D-06
   30  -14 0.13290D-06 -.75112D-07
   30  -13 0.60026D-07 -.28274D-06
   30  -12 0.55463D-07 0.11354D-06
   30  -11 0.51919D-07 -.37371D-06
   30  -10 0.23087D-06 -.20551D-06
   30   -9 -.10066D-06 -.55966D-06
   30   -8 -.32451D-06 -.55315D-06
   30   -7 0.51338D-07 -.62197D-06
   30   -6 0.40376D-06 0.73937D-06
   30   -5 -.18351D-08 -.98029D-07
   30   -4 -.70724D-06 -.64292D-06
   30   -3 0.31000D-06 0.16124D-06
   30   -2 -.80798D-06 0.34041D-06
   30   -1 -.74252D-06 0.35378D-06
   30    0 -.33036D-06 0.00000D+00
   30    1 0.74252D-06 0.35378D-06
   30    2 -.80798D-06 -.34041D-06
   30    3 -.31000D-06 0.16124D-06
   30    4 -.70724D-06 0.64292D-06
   30    5 0.18351D-08 -.98029D-07
   30    6 0.40376D-06 -.73937D-06
   30    7 -.51338D-07 -.62197D-06
   30    8 -.32451D-06 0.55315D-06
   30    9 0.10066D-06 -.55966D-06
   30   10 0.23087D-06 0.20551D-06
   30   11 -.51919D-07 -.37371D-06
   30   12 0.55463D-07 -.11354D-06
   30   13 -.60026D-07 -.28274D-06
   30   14 0.13290D-06 0.75112D-07
   30   15 -.52172D-06 0.28948D-06
   30   16 -.33253D-06 -.49554D-07
   30   17 -.21290D-07 0.31543D-06
   30   18 -.63652D-06 -.31925D-06
   30   19 -.88409D-06 0.38996D-06
   30   20 -.59603D-06 0.25127D-06
   30   21 -.98409D-07 -.63401D-07
   30   22 -.62244D-06 -.11899D-06
   30   23 -.66982D-06 -.17351D-06
   30   24 -.46792D-07 0.62279D-06
   30   25 0.26622D-06 -.40194D-06
   30   26 0.73029D-06 -.24682D-06
   30   27 -.69854D-07 -.13816D-06
   30   28 0.12011D-05 -.15282D-06
   30   29 0.56528D-06 0.59761D-06
   30   30 0.81765D-06 0.54704D-06
   31  -31 0.60259D-06 -.16375D-07
   31  -30 -.64416D-06 0.72794D-06
   31  -29 0.96654D-06 -.28125D-06
   31  -28 -.51844D-06 0.31626D-06
   31  -27 0.93450D-06 0.32313D-06
   31  -26 -.49268D-06 -.29591D-06
   31  -25 0.40067D-06 -.23896D-06
   31  -24 0.57849D-06 -.25961D-06
   31  -23 -.33382D-06 0.37632D-06
   31  -22 -.54991D-07 -.32100D-06
   31  -21 -.45368D-06 0.87148D-08
   31  -20 0.57514D-06 -.12001D-06
   31  -19 -.79480D-06 0.40688D-06
   31  -18 -.20203D-06 0.63298D-07
   31  -17 -.36962D-06 0.73646D-07
   31  -16 0.53251D-06 0.91041D-07
   31  -15 -.17868D-06 -.60667D-07
   31  -14 -.18728D-06 0.11235D-06
   31  -13 -.41115D-06 0.13692D-06
   31  -12 0.37795D-06 0.25592D-06
   31  -11 0.26871D-06 -.49652D-06
   31  -10 0.10922D-06 -.55398D-07
   31   -9 0.33950D-06 0.28648D-06
   31   -8 0.59220D-06 -.54025D-07
   31   -7 0.23470D-07 -.96273D-07
   31   -6 0.17280D-06 -.15514D-06
   31   -5 0.59822D-06 -.84307D-06
   31   -4 -.18793D-06 -.30042D-06
   31   -3 -.45253D-07 0.71703D-06
   31   -2 0.59233D-06 0.70504D-07
   31   -1 0.92757D-07 -.56591D-06
   31    0 -.98096D-06 0.00000D+00
   31    1 -.92757D-07 -.56591D-06
   31    2 0.59233D-06 -.70504D-07
   31    3 0.45253D-07 0.71703D-06
   31    4 -.18793D-06 0.30042D-06
   31    5 -.59822D-06 -.84307D-06
   31    6 0.17280D-06 0.15514D-06
   31    7 -.23470D-07 -.96273D-07
   31    8 0.59220D-06 0.54025D-07
   31    9 -.33950D-06 0.28648D-06
   31   10 0.10922D-06 0.55398D-07
   31   11 -.26871D-06 -.49652D-06
   31   12 0.37795D-06 -.25592D-06
   31   13 0.41115D-06 0.13692D-06
   31   14 -.18728D-06 -.11235D-06
   31   15 0.17868D-06 -.60667D-07
   31   16 0.53251D-06 -.91041D-07
   31   17 0.36962D-06 0.73646D-07
   31   18 -.20203D-06 -.63298D-07
   31   19 0.79480D-06 0.40688D-06
   31   20 0.57514D-06 0.12001D-06
   31   21 0.45368D-06 0.87148D-08
   31   22 -.54991D-07 0.32100D-06
   31   23 0.33382D-06 0.37632D-06
   31   24 0.57849D-06 0.25961D-06
   31   25 -.40067D-06 -.23896D-06
   31   26 -.49268D-06 0.29591D-06
   31   27 -.93450D-06 0.32313D-06
   31   28 -.51844D-06 -.31626D-06
   31   29 -.96654D-06 -.28125D-06
   31   30 -.64416D-06 -.72794D-06
   31   31 -.60259D-06 -.16375D-07
   32  -32 0.14844D-06 0.24840D-06
   32  -31 -.63069D-06 0.82674D-06
   32  -30 0.59101D-06 -.94244D-06
   32  -29 -.99315D-06 0.63089D-06
   32  -28 0.90405D-06 0.30284D-06
   32  -27 -.78819D-06 -.38407D-07
   32  -26 0.71589D-06 0.11041D-06
   32  -25 0.24139D-06 -.81938D-07
   32  -24 0.94074D-07 0.45564D-06
   32  -23 -.35840D-06 -.27470D-06
   32  -22 0.12841D-06 0.67210D-07
   32  -21 0.31578D-06 -.39454D-06
   32  -20 -.42639D-06 0.24656D-06
   32  -19 -.51357D-06 -.19482D-06
   32  -18 -.14111D-06 -.12300D-06
   32  -17 0.16190D-06 -.17355D-06
   32  -16 0.42046D-07 0.13872D-06
   32  -15 -.36719D-06 -.11979D-06
   32  -14 -.18246D-06 0.21104D-06
   32  -13 0.25876D-06 0.30281D-06
   32  -12 0.59140D-06 -.45160D-06
   32  -11 0.23386D-07 0.35442D-07
   32  -10 0.24417D-06 -.11515D-06
   32   -9 -.20432D-07 0.29918D-06
   32   -8 0.53170D-06 0.37413D-06
   32   -7 0.37593D-06 -.68307D-07
   32   -6 0.14827D-06 -.84098D-06
   32   -5 0.84727D-07 -.56943D-07
   32   -4 0.20306D-06 0.49259D-06
   32   -3 -.29646D-06 -.83081D-06
   32   -2 -.15288D-06 -.40377D-06
   32   -1 0.31182D-06 -.48463D-06
   32    0 -.10939D-05 0.00000D+00
   32    1 -.31182D-06 -.48463D-06
   32    2 -.15288D-06 0.40377D-06
   32    3 0.29646D-06 -.83081D-06
   32    4 0.20306D-06 -.49259D-06
   32    5 -.84727D-07 -.56943D-07
   32    6 0.14827D-06 0.84098D-06
   32    7 -.37593D-06 -.68307D-07
   32    8 0.53170D-06 -.37413D-06
   32    9 0.20432D-07 0.29918D-06
   32   10 0.24417D-06 0.11515D-06
   32   11 -.23386D-07 0.35442D-07
   32   12 0.59140D-06 0.45160D-06
   32   13 -.25876D-06 0.30281D-06
   32   14 -.18246D-06 -.21104D-06
   32   15 0.36719D-06 -.11979D-06
   32   16 0.42046D-07 -.13872D-06
   32   17 -.16190D-06 -.17355D-06
   32   18 -.14111D-06 0.12300D-06
   32   19 0.51357D-06 -.19482D-06
   32   20 -.42639D-06 -.24656D-06
   32   21 -.31578D-06 -.39454D-06
   32   22 0.12841D-06 -.67210D-07
   32   23 0.35840D-06 -.27470D-06
   32   24 0.94074D-07 -.45564D-06
   32   25 -.24139D-06 -.81938D-07
   32   26 0.71589D-06 -.11041D-06
   32   27 0.78819D-06 -.38407D-07
   32   28 0.90405D-06 -.30284D-06
   32   29 0.99315D-06 0.63089D-06
   32   30 0.59101D-06 0.94244D-06
   32   31 0.63069D-06 0.82674D-06
   32   32 0.14844D-06 -.24840D-06
   33  -33 -.29580D-06 0.13270D-06
   33  -32 -.52943D-06 0.85951D-06
   33  -31 0.30364D-06 -.14999D-05
   33  -30 -.11229D-05 0.72706D-06
   33  -29 0.71513D-06 0.15971D-06
   33  -28 -.94122D-06 0.16263D-06
   33  -27 0.75873D-06 0.24703D-06
   33  -26 -.17092D-06 0.17161D-06
   33  -25 0.26290D-06 0.39316D-06
   33  -24 -.58030D-06 -.54456D-07
   33  -23 0.40294D-06 -.59900D-07
   33  -22 -.17440D-06 -.18893D-06
   33  -21 -.36371D-07 0.12352D-06
   33  -20 -.67032D-06 -.38896D-06
   33  -19 0.35766D-06 -.37075D-06
   33  -18 -.24380D-07 -.27410D-06
   33  -17 0.75946D-07 0.24745D-06
   33  -16 -.44078D-06 -.16267D-06
   33  -15 -.18863D-06 0.10989D-06
   33  -14 0.24656D-06 0.22002D-07
   33  -13 -.17490D-06 -.24737D-06
   33  -12 0.94676D-07 0.51450D-07
   33  -11 -.16442D-06 0.69548D-06
   33  -10 0.30729D-06 0.45051D-06
   33   -9 -.14102D-06 0.18209D-06
   33   -8 0.13571D-07 0.16425D-06
   33   -7 -.24048D-06 -.26427D-06
   33   -6 0.21060D-06 0.56981D-06
   33   -5 0.47235D-06 0.71533D-06
   33   -4 0.59055D-06 0.17359D-06
   33   -3 0.33768D-06 -.41962D-06
   33   -2 -.17454D-07 0.77486D-07
   33   -1 -.26507D-06 0.29047D-07
   33    0 0.12754D-06 0.00000D+00
   33    1 0.26507D-06 0.29047D-07
   33    2 -.17454D-07 -.77486D-07
   33    3 -.33768D-06 -.41962D-06
   33    4 0.59055D-06 -.17359D-06
   33    5 -.47235D-06 0.71533D-06
   33    6 0.21060D-06 -.56981D-06
   33    7 0.24048D-06 -.26427D-06
   33    8 0.13571D-07 -.16425D-06
   33    9 0.14102D-06 0.18209D-06
   33   10 0.30729D-06 -.45051D-06
   33   11 0.16442D-06 0.69548D-06
   33   12 0.94676D-07 -.51450D-07
   33   13 0.17490D-06 -.24737D-06
   33   14 0.24656D-06 -.22002D-07
   33   15 0.18863D-06 0.10989D-06
   33   16 -.44078D-06 0.16267D-06
   33   17 -.75946D-07 0.24745D-06
   33   18 -.24380D-07 0.27410D-06
   33   19 -.35766D-06 -.37075D-06
   33   20 -.67032D-06 0.38896D-06
   33   21 0.36371D-07 0.12352D-06
   33   22 -.17440D-06 0.18893D-06
   33   23 -.40294D-06 -.59900D-07
   33   24 -.58030D-06 0.54456D-07
   33   25 -.26290D-06 0.39316D-06
   33   26 -.17092D-06 -.17161D-06
   33   27 -.75873D-06 0.24703D-06
   33   28 -.94122D-06 -.16263D-06
   33   29 -.71513D-06 0.15971D-06
   33   30 -.11229D-05 -.72706D-06
   33   31 -.30364D-06 -.14999D-05
   33   32 -.52943D-06 -.85951D-06
   33   33 0.29580D-06 0.13270D-06
   34  -34 -.50253D-06 -.24053D-06
   34  -33 -.37430D-06 0.80819D-06
   34  -32 0.23813D-06 -.16987D-05
   34  -31 -.91209D-06 0.67791D-06
   34  -30 0.53716D-06 -.60135D-07
   34  -29 -.85533D-06 0.18891D-06
   34  -28 0.61524D-06 0.15558D-06
   34  -27 -.45668D-06 0.30381D-06
   34  -26 0.16152D-06 0.16454D-06
   34  -25 -.63646D-06 0.23433D-06
   34  -24 0.58400D-06 -.31912D-06
   34  -23 -.45471D-06 0.19891D-06
   34  -22 0.38850D-06 -.60648D-07
   34  -21 -.32389D-06 -.25641D-06
   34  -20 0.67562D-06 -.49457D-06
   34  -19 -.65122D-07 -.89222D-07
   34  -18 0.28510D-07 0.14699D-06
   34  -17 -.48124D-06 -.16923D-06
   34  -16 0.15769D-06 -.67461D-07
   34  -15 0.31137D-06 0.11064D-06
   34  -14 -.10220D-06 -.96768D-07
   34  -13 -.12583D-06 -.22104D-07
   34  -12 -.50179D-06 0.61481D-06
   34  -11 0.28611D-06 0.37038D-06
   34  -10 -.31080D-06 -.41568D-06
   34   -9 0.34312D-06 0.48449D-06
   34   -8 0.60956D-07 0.23219D-06
   34   -7 0.18197D-06 0.50921D-06
   34   -6 -.19486D-06 0.23914D-06
   34   -5 0.32601D-06 -.39438D-07
   34   -4 0.39596D-06 -.59375D-06
   34   -3 -.36957D-06 -.12638D-06
   34   -2 0.67615D-06 0.39763D-06
   34   -1 0.78752D-06 -.32110D-06
   34    0 0.66086D-06 0.00000D+00
   34    1 -.78752D-06 -.32110D-06
   34    2 0.67615D-06 -.39763D-06
   34    3 0.36957D-06 -.12638D-06
   34    4 0.39596D-06 0.59375D-06
   34    5 -.32601D-06 -.39438D-07
   34    6 -.19486D-06 -.23914D-06
   34    7 -.18197D-06 0.50921D-06
   34    8 0.60956D-07 -.23219D-06
   34    9 -.34312D-06 0.48449D-06
   34   10 -.31080D-06 0.41568D-06
   34   11 -.28611D-06 0.37038D-06
   34   12 -.50179D-06 -.61481D-06
   34   13 0.12583D-06 -.22104D-07
   34   14 -.10220D-06 0.96768D-07
   34   15 -.31137D-06 0.11064D-06
   34   16 0.15769D-06 0.67461D-07
   34   17 0.48124D-06 -.16923D-06
   34   18 0.28510D-07 -.14699D-06
   34   19 0.65122D-07 -.89222D-07
   34   20 0.67562D-06 0.49457D-06
   34   21 0.32389D-06 -.25641D-06
   34   22 0.38850D-06 0.60648D-07
   34   23 0.45471D-06 0.19891D-06
   34   24 0.58400D-06 0.31912D-06
   34   25 0.63646D-06 0.23433D-06
   34   26 0.16152D-06 -.16454D-06
   34   27 0.45668D-06 0.30381D-06
   34   28 0.61524D-06 -.15558D-06
   34   29 0.85533D-06 0.18891D-06
   34   30 0.53716D-06 0.60135D-07
   34   31 0.91209D-06 0.67791D-06
   34   32 0.23813D-06 0.16987D-05
   34   33 0.37430D-06 0.80819D-06
   34   34 -.50253D-06 0.24053D-06
   35  -35 -.39353D-06 -.59856D-06
   35  -34 -.20326D-06 0.68026D-06
   35  -33 0.36525D-06 -.14977D-05
   35  -32 -.55471D-06 0.62869D-06
   35  -31 0.49406D-06 -.27976D-06
   35  -30 -.57644D-06 0.61782D-07
   35  -29 0.43089D-06 -.41312D-07
   35  -28 -.47655D-06 0.22626D-06
   35  -27 -.14482D-06 -.13908D-06
   35  -26 -.46514D-06 0.36039D-06
   35  -25 0.38330D-06 -.39952D-06
   35  -24 -.40631D-06 0.38976D-06
   35  -23 0.68726D-07 -.25762D-06
   35  -22 -.97705D-07 0.11123D-06
   35  -21 0.50278D-06 -.41134D-06
   35  -20 -.39171D-07 0.28444D-06
   35  -19 0.10879D-06 0.61062D-08
   35  -18 -.17273D-06 -.58682D-07
   35  -17 0.27455D-06 -.19941D-06
   35  -16 0.20210D-06 0.18742D-06
   35  -15 -.13908D-06 0.11937D-06
   35  -14 -.10254D-06 -.31048D-06
   35  -13 -.38523D-06 0.47201D-06
   35  -12 0.16113D-06 -.12004D-06
   35  -11 -.20856D-06 -.21937D-06
   35  -10 -.29361D-06 -.88396D-07
   35   -9 -.52827D-06 0.23503D-06
   35   -8 0.88663D-07 0.75064D-07
   35   -7 -.61958D-07 0.46457D-06
   35   -6 -.39720D-07 -.15969D-06
   35   -5 -.87586D-06 -.17479D-06
   35   -4 0.35854D-06 0.51610D-06
   35   -3 0.13789D-06 0.42897D-06
   35   -2 -.37706D-06 -.28870D-06
   35   -1 0.27197D-06 0.34481D-07
   35    0 0.46862D-06 0.00000D+00
   35    1 -.27197D-06 0.34481D-07
   35    2 -.37706D-06 0.28870D-06
   35    3 -.13789D-06 0.42897D-06
   35    4 0.35854D-06 -.51610D-06
   35    5 0.87586D-06 -.17479D-06
   35    6 -.39720D-07 0.15969D-06
   35    7 0.61958D-07 0.46457D-06
   35    8 0.88663D-07 -.75064D-07
   35    9 0.52827D-06 0.23503D-06
   35   10 -.29361D-06 0.88396D-07
   35   11 0.20856D-06 -.21937D-06
   35   12 0.16113D-06 0.12004D-06
   35   13 0.38523D-06 0.47201D-06
   35   14 -.10254D-06 0.31048D-06
   35   15 0.13908D-06 0.11937D-06
   35   16 0.20210D-06 -.18742D-06
   35   17 -.27455D-06 -.19941D-06
   35   18 -.17273D-06 0.58682D-07
   35   19 -.10879D-06 0.61062D-08
   35   20 -.39171D-07 -.28444D-06
   35   21 -.50278D-06 -.41134D-06
   35   22 -.97705D-07 -.11123D-06
   35   23 -.68726D-07 -.25762D-06
   35   24 -.40631D-06 -.38976D-06
   35   25 -.38330D-06 -.39952D-06
   35   26 -.46514D-06 -.36039D-06
   35   27 0.14482D-06 -.13908D-06
   35   28 -.47655D-06 -.22626D-06
   35   29 -.43089D-06 -.41312D-07
   35   30 -.57644D-06 -.61782D-07
   35   31 -.49406D-06 -.27976D-06
   35   32 -.55471D-06 -.62869D-06
   35   33 -.36525D-06 -.14977D-05
   35   34 -.20326D-06 -.68026D-06
   35   35 0.39353D-06 -.59856D-06
   36  -36 -.74408D-07 -.68759D-06
   36  -35 -.43538D-07 0.50524D-06
   36  -34 0.53042D-06 -.10648D-05
   36  -33 -.28646D-06 0.68690D-06
   36  -32 0.59246D-06 -.44781D-06
   36  -31 -.27267D-06 -.92335D-07
   36  -30 0.36416D-06 -.17483D-06
   36  -29 -.33145D-06 0.15748D-07
   36  -28 -.33266D-06 -.34526D-06
   36  -27 -.11526D-06 0.25572D-06
   36  -26 0.14618D-06 -.33418D-06
   36  -25 -.25008D-06 0.42625D-06
   36  -24 -.17791D-06 -.44253D-06
   36  -23 0.25418D-06 0.40296D-06
   36  -22 0.24600D-06 -.13817D-06
   36  -21 0.24232D-06 0.59449D-06
   36  -20 -.11239D-06 -.14492D-07
   36  -19 0.23715D-06 0.39832D-07
   36  -18 0.26097D-06 -.22524D-06
   36  -17 0.11661D-06 0.14713D-06
   36  -16 -.24687D-06 0.11466D-06
   36  -15 0.75142D-07 -.93341D-07
   36  -14 -.35547D-06 0.21567D-06
   36  -13 0.14130D-06 -.41137D-06
   36  -12 -.29734D-06 -.27820D-06
   36  -11 -.17868D-06 -.21961D-06
   36  -10 -.49685D-06 0.68726D-06
   36   -9 0.57000D-06 0.14238D-07
   36   -8 -.58863D-06 -.29245D-06
   36   -7 -.16419D-06 -.23746D-06
   36   -6 -.36659D-06 0.35800D-07
   36   -5 0.10575D-06 0.57358D-06
   36   -4 0.11317D-06 0.40593D-06
   36   -3 0.39756D-06 0.31437D-06
   36   -2 0.40742D-06 -.14427D-06
   36   -1 -.41241D-06 0.62826D-06
   36    0 0.32219D-06 0.00000D+00
   36    1 0.41241D-06 0.62826D-06
   36    2 0.40742D-06 0.14427D-06
   36    3 -.39756D-06 0.31437D-06
   36    4 0.11317D-06 -.40593D-06
   36    5 -.10575D-06 0.57358D-06
   36    6 -.36659D-06 -.35800D-07
   36    7 0.16419D-06 -.23746D-06
   36    8 -.58863D-06 0.29245D-06
   36    9 -.57000D-06 0.14238D-07
   36   10 -.49685D-06 -.68726D-06
   36   11 0.17868D-06 -.21961D-06
   36   12 -.29734D-06 0.27820D-06
   36   13 -.14130D-06 -.41137D-06
   36   14 -.35547D-06 -.21567D-06
   36   15 -.75142D-07 -.93341D-07
   36   16 -.24687D-06 -.11466D-06
   36   17 -.11661D-06 0.14713D-06
   36   18 0.26097D-06 0.22524D-06
   36   19 -.23715D-06 0.39832D-07
   36   20 -.11239D-06 0.14492D-07
   36   21 -.24232D-06 0.59449D-06
   36   22 0.24600D-06 0.13817D-06
   36   23 -.25418D-06 0.40296D-06
   36   24 -.17791D-06 0.44253D-06
   36   25 0.25008D-06 0.42625D-06
   36   26 0.14618D-06 0.33418D-06
   36   27 0.11526D-06 0.25572D-06
   36   28 -.33266D-06 0.34526D-06
   36   29 0.33145D-06 0.15748D-07
   36   30 0.36416D-06 0.17483D-06
   36   31 0.27267D-06 -.92335D-07
   36   32 0.59246D-06 0.44781D-06
   36   33 0.28646D-06 0.68690D-06
   36   34 0.53042D-06 0.10648D-05
   36   35 0.43538D-07 0.50524D-06
   36   36 -.74408D-07 0.68759D-06
