    0   36
    0    0 0.20849D-06 0.00000D+00
    1   -1 0.17700D-05 0.10191D-05
    1    0 0.29180D-06 0.00000D+00
    1    1 -.17700D-05 0.10191D-05
    2   -2 -.30515D-03 -.74531D-04
    2   -1 -.38810D-03 -.14819D-03
    2    0 0.23638D-03 0.00000D+00
    2    1 0.38810D-03 -.14819D-03
    2    2 -.30515D-03 0.74531D-04
    3   -3 0.59540D-04 -.17586D-03
    3   -2 0.12005D-03 -.13619D-03
    3   -1 0.33654D-03 0.49061D-04
    3    0 0.38574D-03 0.00000D+00
    3    1 -.33654D-03 0.49061D-04
    3    2 0.12005D-03 0.13619D-03
    3    3 -.59540D-04 -.17586D-03
    4   -4 0.26443D-03 -.24421D-03
    4   -3 0.93060D-04 -.15516D-03
    4   -2 0.22830D-03 -.75034D-04
    4   -1 0.14793D-03 -.36518D-03
    4    0 -.28642D-03 0.00000D+00
    4    1 -.14793D-03 -.36518D-03
    4    2 0.22830D-03 0.75034D-04
    4    3 -.93060D-04 -.15516D-03
    4    4 0.26443D-03 0.24421D-03
    5   -5 0.31286D-04 0.13528D-03
    5   -4 0.17774D-03 0.23271D-03
    5   -3 0.16672D-03 0.74514D-04
    5   -2 0.22776D-04 -.27447D-03
    5   -1 -.38303D-03 0.27109D-05
    5    0 0.33790D-03 0.00000D+00
    5    1 0.38303D-03 0.27109D-05
    5    2 0.22776D-04 0.27447D-03
    5    3 -.16672D-03 0.74514D-04
    5    4 0.17774D-03 -.23271D-03
    5    5 -.31286D-04 0.13528D-03
    6   -6 -.13885D-03 0.11497D-03
    6   -5 -.31032D-03 -.21922D-04
    6   -4 -.29609D-05 -.15600D-03
    6   -3 -.14566D-03 0.23398D-03
    6   -2 0.38869D-04 0.19099D-03
    6   -1 -.87032D-04 0.74237D-05
    6    0 -.15130D-03 0.00000D+00
    6    1 0.87032D-04 0.74237D-05
    6    2 0.38869D-04 -.19099D-03
    6    3 0.14566D-03 0.23398D-03
    6    4 -.29609D-05 0.15600D-03
    6    5 0.31032D-03 -.21922D-04
    6    6 -.13885D-03 -.11497D-03
    7   -7 -.63741D-04 -.66448D-04
    7   -6 0.56109D-04 -.87109D-04
    7   -5 -.97017D-04 0.45691D-04
    7   -4 0.24009D-05 0.23725D-04
    7   -3 0.81616D-04 0.13805D-03
    7   -2 0.28137D-04 0.27713D-04
    7   -1 0.85828D-04 0.26116D-04
    7    0 0.74549D-04 0.00000D+00
    7    1 -.85828D-04 0.26116D-04
    7    2 0.28137D-04 -.27713D-04
    7    3 -.81616D-04 0.13805D-03
    7    4 0.24009D-05 -.23725D-04
    7    5 0.97017D-04 0.45691D-04
    7    6 0.56109D-04 0.87109D-04
    7    7 0.63741D-04 -.66448D-04
    8   -8 -.23659D-04 -.51866D-05
    8   -7 0.70027D-04 0.73470D-04
    8   -6 0.37260D-05 0.28342D-04
    8   -5 0.25802D-04 0.38552D-04
    8   -4 -.20973D-04 0.40266D-04
    8   -3 0.14571D-04 0.86702D-04
    8   -2 0.30206D-04 0.46199D-04
    8   -1 -.40651D-04 0.85917D-04
    8    0 0.75984D-04 0.00000D+00
    8    1 0.40651D-04 0.85917D-04
    8    2 0.30206D-04 -.46199D-04
    8    3 -.14571D-04 0.86702D-04
    8    4 -.20973D-04 -.40266D-04
    8    5 -.25802D-04 0.38552D-04
    8    6 0.37260D-05 -.28342D-04
    8    7 -.70027D-04 0.73470D-04
    8    8 -.23659D-04 0.51866D-05
    9   -9 0.84474D-04 0.40376D-04
    9   -8 0.40955D-04 -.90477D-04
    9   -7 0.58754D-04 -.11807D-04
    9   -6 0.12986D-03 -.47337D-04
    9   -5 -.13588D-05 -.62604D-05
    9   -4 -.49808D-04 0.17239D-04
    9   -3 0.48697D-04 -.58481D-05
    9   -2 0.66721D-04 0.34834D-04
    9   -1 0.89338D-04 -.32047D-04
    9    0 0.11388D-03 0.00000D+00
    9    1 -.89338D-04 -.32047D-04
    9    2 0.66721D-04 -.34834D-04
    9    3 -.48697D-04 -.58481D-05
    9    4 -.49808D-04 -.17239D-04
    9    5 0.13588D-05 -.62604D-05
    9    6 0.12986D-03 0.47337D-04
    9    7 -.58754D-04 -.11807D-04
    9    8 0.40955D-04 0.90477D-04
    9    9 -.84474D-04 0.40376D-04
   10  -10 0.20535D-04 0.29090D-04
   10   -9 -.13404D-04 0.27296D-04
   10   -8 -.27489D-04 0.84893D-04
   10   -7 -.74122D-04 -.22646D-04
   10   -6 -.25596D-04 0.29061D-04
   10   -5 0.90632D-05 -.70481D-05
   10   -4 -.71322D-04 -.42808D-04
   10   -3 0.39065D-04 0.23957D-04
   10   -2 0.53145D-04 -.35305D-04
   10   -1 0.44310D-04 0.22725D-04
   10    0 -.48555D-04 0.00000D+00
   10    1 -.44310D-04 0.22725D-04
   10    2 0.53145D-04 0.35305D-04
   10    3 -.39065D-04 0.23957D-04
   10    4 -.71322D-04 0.42808D-04
   10    5 -.90632D-05 -.70481D-05
   10    6 -.25596D-04 -.29061D-04
   10    7 0.74122D-04 -.22646D-04
   10    8 -.27489D-04 -.84893D-04
   10    9 0.13404D-04 0.27296D-04
   10   10 0.20535D-04 -.29090D-04
   11  -11 -.30778D-04 0.15976D-04
   11  -10 0.18812D-05 0.10804D-03
   11   -9 -.31782D-05 -.47395D-04
   11   -8 -.91121D-04 0.13511D-05
   11   -7 -.24527D-04 0.57154D-05
   11   -6 0.32523D-04 0.75391D-04
   11   -5 0.10253D-04 0.10323D-05
   11   -4 -.10240D-03 0.55257D-04
   11   -3 0.13972D-04 -.98442D-04
   11   -2 0.31795D-04 -.11711D-03
   11   -1 -.12037D-04 -.10171D-03
   11    0 -.14556D-04 0.00000D+00
   11    1 0.12037D-04 -.10171D-03
   11    2 0.31795D-04 0.11711D-03
   11    3 -.13972D-04 -.98442D-04
   11    4 -.10240D-03 -.55257D-04
   11    5 -.10253D-04 0.10323D-05
   11    6 0.32523D-04 -.75391D-04
   11    7 0.24527D-04 0.57154D-05
   11    8 -.91121D-04 -.13511D-05
   11    9 0.31782D-05 -.47395D-04
   11   10 0.18812D-05 -.10804D-03
   11   11 0.30778D-04 0.15976D-04
   12  -12 -.31589D-05 0.15654D-04
   12  -11 -.28015D-04 0.45089D-04
   12  -10 -.21260D-04 -.35618D-04
   12   -9 0.45972D-04 0.68000D-04
   12   -8 0.11063D-03 0.65668D-04
   12   -7 0.59513D-05 0.52253D-05
   12   -6 -.14736D-04 0.74242D-04
   12   -5 0.92051D-05 -.32190D-04
   12   -4 0.69274D-04 0.72613D-04
   12   -3 0.15160D-04 -.70359D-04
   12   -2 -.67034D-04 0.18440D-04
   12   -1 -.27267D-04 -.86008D-05
   12    0 0.79772D-04 0.00000D+00
   12    1 0.27267D-04 -.86008D-05
   12    2 -.67034D-04 -.18440D-04
   12    3 -.15160D-04 -.70359D-04
   12    4 0.69274D-04 -.72613D-04
   12    5 -.92051D-05 -.32190D-04
   12    6 -.14736D-04 -.74242D-04
   12    7 -.59513D-05 0.52253D-05
   12    8 0.11063D-03 -.65668D-04
   12    9 -.45972D-04 0.68000D-04
   12   10 -.21260D-04 0.35618D-04
   12   11 0.28015D-04 0.45089D-04
   12   12 -.31589D-05 -.15654D-04
   13  -13 -.26901D-04 -.30044D-05
   13  -12 -.47019D-04 -.71689D-04
   13  -11 0.74448D-05 -.56696D-04
   13  -10 0.10379D-04 0.52558D-04
   13   -9 -.75711D-04 -.77192D-04
   13   -8 -.20411D-07 0.22292D-04
   13   -7 -.31604D-04 0.13274D-04
   13   -6 0.49423D-04 0.30164D-04
   13   -5 0.12630D-04 -.12845D-04
   13   -4 -.16601D-04 -.10363D-04
   13   -3 0.80653D-05 0.63405D-04
   13   -2 -.27955D-04 0.68164D-04
   13   -1 -.45413D-04 -.75017D-04
   13    0 -.16495D-04 0.00000D+00
   13    1 0.45413D-04 -.75017D-04
   13    2 -.27955D-04 -.68164D-04
   13    3 -.80653D-05 0.63405D-04
   13    4 -.16601D-04 0.10363D-04
   13    5 -.12630D-04 -.12845D-04
   13    6 0.49423D-04 -.30164D-04
   13    7 0.31604D-04 0.13274D-04
   13    8 -.20411D-07 -.22292D-04
   13    9 0.75711D-04 -.77192D-04
   13   10 0.10379D-04 -.52558D-04
   13   11 -.74448D-05 -.56696D-04
   13   12 -.47019D-04 0.71689D-04
   13   13 0.26901D-04 -.30044D-05
   14  -14 -.13589D-04 0.23763D-04
   14  -13 0.98686D-04 -.16748D-04
   14  -12 0.44775D-04 -.22370D-04
   14  -11 0.37460D-04 -.24570D-04
   14  -10 0.42730D-04 -.38429D-04
   14   -9 -.10902D-04 -.31961D-04
   14   -8 0.54787D-05 -.42610D-04
   14   -7 -.10849D-03 -.93470D-05
   14   -6 -.32871D-05 -.31119D-04
   14   -5 -.93012D-04 -.82273D-04
   14   -4 -.34601D-04 0.63786D-04
   14   -3 0.89005D-04 0.47193D-04
   14   -2 0.23772D-05 -.51685D-04
   14   -1 0.38947D-04 0.44702D-04
   14    0 0.42826D-05 0.00000D+00
   14    1 -.38947D-04 0.44702D-04
   14    2 0.23772D-05 0.51685D-04
   14    3 -.89005D-04 0.47193D-04
   14    4 -.34601D-04 -.63786D-04
   14    5 0.93012D-04 -.82273D-04
   14    6 -.32871D-05 0.31119D-04
   14    7 0.10849D-03 -.93470D-05
   14    8 0.54787D-05 0.42610D-04
   14    9 0.10902D-04 -.31961D-04
   14   10 0.42730D-04 0.38429D-04
   14   11 -.37460D-04 -.24570D-04
   14   12 0.44775D-04 0.22370D-04
   14   13 -.98686D-04 -.16748D-04
   14   14 -.13589D-04 -.23763D-04
   15  -15 0.26000D-04 -.33427D-05
   15  -14 0.28732D-04 -.18759D-04
   15  -13 0.90486D-05 0.92050D-04
   15  -12 -.40682D-04 -.46927D-05
   15  -11 -.25391D-04 -.35517D-04
   15  -10 0.15989D-06 -.41378D-04
   15   -9 -.60208D-04 0.18828D-05
   15   -8 0.14244D-05 -.36855D-04
   15   -7 -.56125D-04 -.71054D-04
   15   -6 -.56315D-04 0.21738D-04
   15   -5 0.23932D-04 0.24440D-04
   15   -4 -.35043D-04 -.66077D-06
   15   -3 -.31177D-04 0.14634D-04
   15   -2 0.55999D-05 -.88839D-05
   15   -1 0.60132D-05 0.58089D-05
   15    0 -.50055D-05 0.00000D+00
   15    1 -.60132D-05 0.58089D-05
   15    2 0.55999D-05 0.88839D-05
   15    3 0.31177D-04 0.14634D-04
   15    4 -.35043D-04 0.66077D-06
   15    5 -.23932D-04 0.24440D-04
   15    6 -.56315D-04 -.21738D-04
   15    7 0.56125D-04 -.71054D-04
   15    8 0.14244D-05 0.36855D-04
   15    9 0.60208D-04 0.18828D-05
   15   10 0.15989D-06 0.41378D-04
   15   11 0.25391D-04 -.35517D-04
   15   12 -.40682D-04 0.46927D-05
   15   13 -.90486D-05 0.92050D-04
   15   14 0.28732D-04 0.18759D-04
   15   15 -.26000D-04 -.33427D-05
   16  -16 0.13546D-04 -.14082D-05
   16  -15 -.44997D-04 0.40700D-04
   16  -14 -.51071D-04 0.35921D-04
   16  -13 0.88012D-05 -.27736D-04
   16  -12 0.10314D-04 0.55208D-04
   16  -11 -.36983D-04 0.30668D-04
   16  -10 0.21480D-04 0.15362D-04
   16   -9 0.23434D-04 -.20146D-04
   16   -8 -.23415D-04 0.19367D-04
   16   -7 -.33239D-04 0.47163D-06
   16   -6 0.13406D-04 -.90214D-06
   16   -5 0.40722D-04 0.11279D-04
   16   -4 -.29446D-05 0.31945D-04
   16   -3 0.39136D-05 0.63088D-04
   16   -2 0.64976D-04 0.49260D-05
   16   -1 -.27839D-05 -.36690D-04
   16    0 0.26149D-04 0.00000D+00
   16    1 0.27839D-05 -.36690D-04
   16    2 0.64976D-04 -.49260D-05
   16    3 -.39136D-05 0.63088D-04
   16    4 -.29446D-05 -.31945D-04
   16    5 -.40722D-04 0.11279D-04
   16    6 0.13406D-04 0.90214D-06
   16    7 0.33239D-04 0.47163D-06
   16    8 -.23415D-04 -.19367D-04
   16    9 -.23434D-04 -.20146D-04
   16   10 0.21480D-04 -.15362D-04
   16   11 0.36983D-04 0.30668D-04
   16   12 0.10314D-04 -.55208D-04
   16   13 -.88012D-05 -.27736D-04
   16   14 -.51071D-04 -.35921D-04
   16   15 0.44997D-04 0.40700D-04
   16   16 0.13546D-04 0.14082D-05
   17  -17 0.57137D-06 0.12193D-05
   17  -16 -.30263D-06 -.13818D-05
   17  -15 -.40531D-05 0.18643D-06
   17  -14 0.18274D-05 0.74832D-06
   17  -13 -.10820D-05 -.12638D-05
   17  -12 0.58571D-06 -.13210D-06
   17  -11 0.95665D-07 -.69455D-06
   17  -10 0.31970D-05 0.39703D-06
   17   -9 0.17414D-05 -.61317D-05
   17   -8 -.17983D-05 -.10725D-06
   17   -7 0.89340D-07 -.19458D-05
   17   -6 -.16913D-05 -.30344D-05
   17   -5 0.19227D-06 0.28255D-06
   17   -4 -.15299D-05 -.10522D-05
   17   -3 -.17011D-05 0.25832D-05
   17   -2 0.44248D-06 -.22208D-06
   17   -1 -.77349D-06 -.48536D-06
   17    0 -.78711D-06 0.00000D+00
   17    1 0.77349D-06 -.48536D-06
   17    2 0.44248D-06 0.22208D-06
   17    3 0.17011D-05 0.25832D-05
   17    4 -.15299D-05 0.10522D-05
   17    5 -.19227D-06 0.28255D-06
   17    6 -.16913D-05 0.30344D-05
   17    7 -.89340D-07 -.19458D-05
   17    8 -.17983D-05 0.10725D-06
   17    9 -.17414D-05 -.61317D-05
   17   10 0.31970D-05 -.39703D-06
   17   11 -.95665D-07 -.69455D-06
   17   12 0.58571D-06 0.13210D-06
   17   13 0.10820D-05 -.12638D-05
   17   14 0.18274D-05 -.74832D-06
   17   15 0.40531D-05 0.18643D-06
   17   16 -.30263D-06 0.13818D-05
   17   17 -.57137D-06 0.12193D-05
   18  -18 0.65246D-06 0.95562D-06
   18  -17 -.92788D-06 -.12436D-05
   18  -16 -.20583D-05 0.28373D-06
   18  -15 0.93109D-06 -.33134D-06
   18  -14 -.18925D-05 -.66138D-06
   18  -13 0.76903D-06 0.11229D-06
   18  -12 -.13397D-05 -.73282D-06
   18  -11 -.20223D-07 0.12425D-06
   18  -10 -.26626D-05 0.14841D-05
   18   -9 0.95220D-06 0.11924D-05
   18   -8 0.60744D-06 -.95015D-06
   18   -7 -.11654D-05 0.14059D-06
   18   -6 -.39614D-06 -.24971D-06
   18   -5 -.99052D-06 -.82143D-06
   18   -4 0.44653D-06 -.48251D-06
   18   -3 -.24039D-05 -.17016D-06
   18   -2 0.43573D-06 0.28636D-05
   18   -1 0.15510D-05 0.68983D-06
   18    0 -.53619D-06 0.00000D+00
   18    1 -.15510D-05 0.68983D-06
   18    2 0.43573D-06 -.28636D-05
   18    3 0.24039D-05 -.17016D-06
   18    4 0.44653D-06 0.48251D-06
   18    5 0.99052D-06 -.82143D-06
   18    6 -.39614D-06 0.24971D-06
   18    7 0.11654D-05 0.14059D-06
   18    8 0.60744D-06 0.95015D-06
   18    9 -.95220D-06 0.11924D-05
   18   10 -.26626D-05 -.14841D-05
   18   11 0.20223D-07 0.12425D-06
   18   12 -.13397D-05 0.73282D-06
   18   13 -.76903D-06 0.11229D-06
   18   14 -.18925D-05 0.66138D-06
   18   15 -.93109D-06 -.33134D-06
   18   16 -.20583D-05 -.28373D-06
   18   17 0.92788D-06 -.12436D-05
   18   18 0.65246D-06 -.95562D-06
   19  -19 0.40960D-06 0.60046D-06
   19  -18 -.99650D-06 -.77978D-06
   19  -17 -.68250D-07 0.74248D-07
   19  -16 -.25326D-07 -.69743D-06
   19  -15 -.13502D-05 -.11127D-06
   19  -14 0.38867D-06 -.20545D-06
   19  -13 -.13977D-05 -.22866D-06
   19  -12 0.48223D-06 0.90382D-07
   19  -11 -.83255D-06 -.24304D-06
   19  -10 0.85870D-06 0.35607D-06
   19   -9 -.49501D-06 -.81908D-06
   19   -8 0.13490D-06 0.13589D-05
   19   -7 0.18705D-05 0.60733D-06
   19   -6 -.48734D-07 -.30929D-06
   19   -5 0.44794D-06 0.72849D-06
   19   -4 0.23298D-06 -.65168D-06
   19   -3 -.17987D-06 -.14562D-05
   19   -2 -.18661D-05 -.58709D-06
   19   -1 0.20671D-06 -.14689D-06
   19    0 0.20727D-05 0.00000D+00
   19    1 -.20671D-06 -.14689D-06
   19    2 -.18661D-05 0.58709D-06
   19    3 0.17987D-06 -.14562D-05
   19    4 0.23298D-06 0.65168D-06
   19    5 -.44794D-06 0.72849D-06
   19    6 -.48734D-07 0.30929D-06
   19    7 -.18705D-05 0.60733D-06
   19    8 0.13490D-06 -.13589D-05
   19    9 0.49501D-06 -.81908D-06
   19   10 0.85870D-06 -.35607D-06
   19   11 0.83255D-06 -.24304D-06
   19   12 0.48223D-06 -.90382D-07
   19   13 0.13977D-05 -.22866D-06
   19   14 0.38867D-06 0.20545D-06
   19   15 0.13502D-05 -.11127D-06
   19   16 -.25326D-07 0.69743D-06
   19   17 0.68250D-07 0.74248D-07
   19   18 -.99650D-06 0.77978D-06
   19   19 -.40960D-06 0.60046D-06
   20  -20 0.86792D-07 0.27478D-06
   20  -19 -.61381D-06 -.26759D-06
   20  -18 0.11081D-05 -.17330D-06
   20  -17 -.55358D-06 -.47094D-06
   20  -16 -.32363D-06 0.69718D-07
   20  -15 -.23372D-06 -.34508D-06
   20  -14 -.77417D-06 0.23442D-06
   20  -13 -.19519D-06 0.33934D-08
   20  -12 -.79916D-06 0.67735D-06
   20  -11 -.91113D-06 -.62150D-07
   20  -10 -.11318D-05 0.18134D-05
   20   -9 0.16044D-06 0.18862D-06
   20   -8 -.83864D-07 -.46555D-06
   20   -7 -.26322D-06 0.14449D-05
   20   -6 0.85767D-06 -.37826D-06
   20   -5 -.45538D-06 -.15116D-07
   20   -4 0.81071D-06 0.16019D-06
   20   -3 0.24211D-06 0.14772D-06
   20   -2 -.38214D-07 -.39796D-06
   20   -1 -.14527D-05 -.99993D-07
   20    0 -.39899D-06 0.00000D+00
   20    1 0.14527D-05 -.99993D-07
   20    2 -.38214D-07 0.39796D-06
   20    3 -.24211D-06 0.14772D-06
   20    4 0.81071D-06 -.16019D-06
   20    5 0.45538D-06 -.15116D-07
   20    6 0.85767D-06 0.37826D-06
   20    7 0.26322D-06 0.14449D-05
   20    8 -.83864D-07 0.46555D-06
   20    9 -.16044D-06 0.18862D-06
   20   10 -.11318D-05 -.18134D-05
   20   11 0.91113D-06 -.62150D-07
   20   12 -.79916D-06 -.67735D-06
   20   13 0.19519D-06 0.33934D-08
   20   14 -.77417D-06 -.23442D-06
   20   15 0.23372D-06 -.34508D-06
   20   16 -.32363D-06 -.69718D-07
   20   17 0.55358D-06 -.47094D-06
   20   18 0.11081D-05 0.17330D-06
   20   19 0.61381D-06 -.26759D-06
   20   20 0.86792D-07 -.27478D-06
   21  -21 -.10457D-06 0.49309D-07
   21  -20 -.92693D-07 0.97468D-07
   21  -19 0.12637D-05 -.22331D-06
   21  -18 -.55698D-06 -.10144D-07
   21  -17 0.49343D-06 -.20672D-07
   21  -16 -.61625D-06 -.16797D-06
   21  -15 0.36572D-06 0.49563D-06
   21  -14 -.50556D-06 -.37411D-06
   21  -13 0.27276D-06 0.96120D-06
   21  -12 0.73825D-07 -.21498D-06
   21  -11 0.40782D-06 0.47176D-06
   21  -10 -.21388D-06 -.86643D-07
   21   -9 -.58033D-06 0.19392D-05
   21   -8 0.80860D-06 0.54129D-06
   21   -7 0.20904D-07 0.81671D-07
   21   -6 0.81991D-06 0.12375D-05
   21   -5 0.21032D-06 -.25754D-06
   21   -4 0.60293D-06 0.56456D-06
   21   -3 0.60949D-06 -.11347D-05
   21   -2 0.21821D-06 0.18522D-06
   21   -1 0.47089D-06 -.16523D-06
   21    0 0.47531D-07 0.00000D+00
   21    1 -.47089D-06 -.16523D-06
   21    2 0.21821D-06 -.18522D-06
   21    3 -.60949D-06 -.11347D-05
   21    4 0.60293D-06 -.56456D-06
   21    5 -.21032D-06 -.25754D-06
   21    6 0.81991D-06 -.12375D-05
   21    7 -.20904D-07 0.81671D-07
   21    8 0.80860D-06 -.54129D-06
   21    9 0.58033D-06 0.19392D-05
   21   10 -.21388D-06 0.86643D-07
   21   11 -.40782D-06 0.47176D-06
   21   12 0.73825D-07 0.21498D-06
   21   13 -.27276D-06 0.96120D-06
   21   14 -.50556D-06 0.37411D-06
   21   15 -.36572D-06 0.49563D-06
   21   16 -.61625D-06 0.16797D-06
   21   17 -.49343D-06 -.20672D-07
   21   18 -.55698D-06 0.10144D-07
   21   19 -.12637D-05 -.22331D-06
   21   20 -.92693D-07 -.97468D-07
   21   21 0.10457D-06 0.49309D-07
   22  -22 -.85379D-07 -.56730D-07
   22  -21 0.25567D-06 0.25251D-06
   22  -20 0.74261D-06 -.25232D-07
   22  -19 -.24151D-06 0.33627D-06
   22  -18 0.73591D-06 -.15171D-06
   22  -17 -.54699D-06 0.98783D-07
   22  -16 0.95092D-06 0.32373D-06
   22  -15 -.50533D-06 -.33353D-06
   22  -14 0.79089D-06 0.53091D-06
   22  -13 -.18965D-06 -.61349D-07
   22  -12 0.43608D-06 0.12858D-06
   22  -11 -.43449D-06 -.25469D-06
   22  -10 0.55039D-06 -.25589D-06
   22   -9 -.12880D-06 -.65608D-06
   22   -8 -.51942D-06 -.62722D-06
   22   -7 0.28067D-06 0.16238D-06
   22   -6 0.59841D-07 0.14072D-06
   22   -5 0.42761D-06 0.34183D-06
   22   -4 -.22510D-06 0.33596D-06
   22   -3 0.93741D-06 0.24506D-06
   22   -2 -.59659D-07 -.90852D-06
   22   -1 -.85379D-06 -.31507D-06
   22    0 0.36698D-06 0.00000D+00
   22    1 0.85379D-06 -.31507D-06
   22    2 -.59659D-07 0.90852D-06
   22    3 -.93741D-06 0.24506D-06
   22    4 -.22510D-06 -.33596D-06
   22    5 -.42761D-06 0.34183D-06
   22    6 0.59841D-07 -.14072D-06
   22    7 -.28067D-06 0.16238D-06
   22    8 -.51942D-06 0.62722D-06
   22    9 0.12880D-06 -.65608D-06
   22   10 0.55039D-06 0.25589D-06
   22   11 0.43449D-06 -.25469D-06
   22   12 0.43608D-06 -.12858D-06
   22   13 0.18965D-06 -.61349D-07
   22   14 0.79089D-06 -.53091D-06
   22   15 0.50533D-06 -.33353D-06
   22   16 0.95092D-06 -.32373D-06
   22   17 0.54699D-06 0.98783D-07
   22   18 0.73591D-06 0.15171D-06
   22   19 0.24151D-06 0.33627D-06
   22   20 0.74261D-06 0.25232D-07
   22   21 -.25567D-06 0.25251D-06
   22   22 -.85379D-07 0.56730D-07
   23  -23 0.80229D-07 -.61029D-07
   23  -22 0.28080D-06 0.24107D-06
   23  -21 0.11433D-06 0.28700D-06
   23  -20 0.75300D-07 0.38467D-06
   23  -19 0.46764D-06 -.15435D-06
   23  -18 -.15367D-06 0.27405D-06
   23  -17 0.84880D-06 -.39442D-07
   23  -16 -.21507D-06 -.10376D-07
   23  -15 0.10692D-05 0.73728D-07
   23  -14 -.11779D-06 -.25287D-06
   23  -13 0.49402D-06 -.23566D-06
   23  -12 0.94346D-08 -.20871D-06
   23  -11 0.17822D-06 0.33226D-08
   23  -10 -.56574D-06 -.20064D-06
   23   -9 -.40187D-06 0.67516D-06
   23   -8 -.18677D-06 -.64060D-06
   23   -7 -.99586D-06 -.28867D-06
   23   -6 0.13527D-06 0.34010D-06
   23   -5 -.25083D-06 -.15318D-06
   23   -4 -.20095D-06 0.18543D-06
   23   -3 0.21117D-08 0.11222D-05
   23   -2 0.12896D-05 0.57649D-06
   23   -1 -.15006D-06 -.41442D-07
   23    0 -.12962D-05 0.00000D+00
   23    1 0.15006D-06 -.41442D-07
   23    2 0.12896D-05 -.57649D-06
   23    3 -.21117D-08 0.11222D-05
   23    4 -.20095D-06 -.18543D-06
   23    5 0.25083D-06 -.15318D-06
   23    6 0.13527D-06 -.34010D-06
   23    7 0.99586D-06 -.28867D-06
   23    8 -.18677D-06 0.64060D-06
   23    9 0.40187D-06 0.67516D-06
   23   10 -.56574D-06 0.20064D-06
   23   11 -.17822D-06 0.33226D-08
   23   12 0.94346D-08 0.20871D-06
   23   13 -.49402D-06 -.23566D-06
   23   14 -.11779D-06 0.25287D-06
   23   15 -.10692D-05 0.73728D-07
   23   16 -.21507D-06 0.10376D-07
   23   17 -.84880D-06 -.39442D-07
   23   18 -.15367D-06 -.27405D-06
   23   19 -.46764D-06 -.15435D-06
   23   20 0.75300D-07 -.38467D-06
   23   21 -.11433D-06 0.28700D-06
   23   22 0.28080D-06 -.24107D-06
   23   23 -.80229D-07 -.61029D-07
   24  -24 0.25401D-06 -.18322D-08
   24  -23 0.39901D-07 0.15327D-06
   24  -22 -.17289D-06 0.51339D-06
   24  -21 0.19077D-06 0.18535D-06
   24  -20 0.46553D-07 -.34118D-07
   24  -19 0.28606D-06 0.31209D-06
   24  -18 0.26009D-06 -.33435D-06
   24  -17 0.14370D-06 0.16790D-06
   24  -16 0.46678D-06 -.33556D-06
   24  -15 0.62656D-07 -.98510D-07
   24  -14 -.17784D-07 -.62762D-06
   24  -13 0.55977D-07 0.19884D-06
   24  -12 0.21673D-06 -.55197D-06
   24  -11 0.20964D-06 0.61215D-07
   24  -10 0.72436D-06 -.13785D-05
   24   -9 -.30178D-06 -.43946D-06
   24   -8 0.16473D-06 0.64452D-06
   24   -7 0.13447D-06 -.70764D-06
   24   -6 -.56051D-06 0.20048D-06
   24   -5 0.22537D-06 -.95572D-07
   24   -4 -.43332D-06 0.24073D-06
   24   -3 -.31825D-07 -.67706D-07
   24   -2 0.11709D-06 0.12247D-06
   24   -1 0.11142D-05 0.16172D-06
   24    0 0.32435D-06 0.00000D+00
   24    1 -.11142D-05 0.16172D-06
   24    2 0.11709D-06 -.12247D-06
   24    3 0.31825D-07 -.67706D-07
   24    4 -.43332D-06 -.24073D-06
   24    5 -.22537D-06 -.95572D-07
   24    6 -.56051D-06 -.20048D-06
   24    7 -.13447D-06 -.70764D-06
   24    8 0.16473D-06 -.64452D-06
   24    9 0.30178D-06 -.43946D-06
   24   10 0.72436D-06 0.13785D-05
   24   11 -.20964D-06 0.61215D-07
   24   12 0.21673D-06 0.55197D-06
   24   13 -.55977D-07 0.19884D-06
   24   14 -.17784D-07 0.62762D-06
   24   15 -.62656D-07 -.98510D-07
   24   16 0.46678D-06 0.33556D-06
   24   17 -.14370D-06 0.16790D-06
   24   18 0.26009D-06 0.33435D-06
   24   19 -.28606D-06 0.31209D-06
   24   20 0.46553D-07 0.34118D-07
   24   21 -.19077D-06 0.18535D-06
   24   22 -.17289D-06 -.51339D-06
   24   23 -.39901D-07 0.15327D-06
   24   24 0.25401D-06 0.18322D-08
   25  -25 0.31872D-06 0.74358D-07
   25  -24 -.27302D-06 0.69402D-07
   25  -23 -.42852D-08 0.52348D-06
   25  -22 0.78227D-07 -.79674D-07
   25  -21 -.19884D-06 0.81626D-07
   25  -20 0.48308D-06 0.18799D-06
   25  -19 -.42245D-06 -.39295D-06
   25  -18 0.35845D-06 0.99700D-07
   25  -17 -.28281D-06 -.43222D-06
   25  -16 0.29347D-06 0.19518D-06
   25  -15 -.19821D-06 -.54084D-06
   25  -14 0.21668D-06 0.14539D-06
   25  -13 -.12847D-06 -.51868D-06
   25  -12 -.15219D-06 0.72111D-07
   25  -11 -.29329D-06 -.75661D-07
   25  -10 -.29685D-06 -.10482D-06
   25   -9 0.40605D-06 -.50870D-06
   25   -8 -.88619D-06 -.50304D-06
   25   -7 -.76022D-07 -.33486D-06
   25   -6 -.56446D-06 -.92213D-06
   25   -5 -.69131D-07 0.49529D-06
   25   -4 -.64845D-06 -.30615D-06
   25   -3 -.39744D-06 0.75593D-06
   25   -2 -.29677D-06 -.20375D-06
   25   -1 -.35042D-06 0.11289D-06
   25    0 0.19165D-06 0.00000D+00
   25    1 0.35042D-06 0.11289D-06
   25    2 -.29677D-06 0.20375D-06
   25    3 0.39744D-06 0.75593D-06
   25    4 -.64845D-06 0.30615D-06
   25    5 0.69131D-07 0.49529D-06
   25    6 -.56446D-06 0.92213D-06
   25    7 0.76022D-07 -.33486D-06
   25    8 -.88619D-06 0.50304D-06
   25    9 -.40605D-06 -.50870D-06
   25   10 -.29685D-06 0.10482D-06
   25   11 0.29329D-06 -.75661D-07
   25   12 -.15219D-06 -.72111D-07
   25   13 0.12847D-06 -.51868D-06
   25   14 0.21668D-06 -.14539D-06
   25   15 0.19821D-06 -.54084D-06
   25   16 0.29347D-06 -.19518D-06
   25   17 0.28281D-06 -.43222D-06
   25   18 0.35845D-06 -.99700D-07
   25   19 0.42245D-06 -.39295D-06
   25   20 0.48308D-06 -.18799D-06
   25   21 0.19884D-06 0.81626D-07
   25   22 0.78227D-07 0.79674D-07
   25   23 0.42852D-08 0.52348D-06
   25   24 -.27302D-06 -.69402D-07
   25   25 -.31872D-06 0.74358D-07
   26  -26 0.24301D-06 0.12333D-06
   26  -25 -.45679D-06 0.33528D-07
   26  -24 0.43273D-06 0.32647D-06
   26  -23 -.14507D-06 -.23350D-06
   26  -22 -.11421D-06 0.83785D-07
   26  -21 0.39829D-06 0.50670D-08
   26  -20 -.77561D-06 -.24376D-06
   26  -19 0.37909D-06 0.27924D-07
   26  -18 -.68764D-06 -.28096D-06
   26  -17 0.30332D-06 0.23451D-06
   26  -16 -.58037D-06 -.26440D-06
   26  -15 0.20055D-06 0.15334D-06
   26  -14 -.43953D-06 -.19308D-06
   26  -13 -.61044D-08 0.18861D-06
   26  -12 -.42891D-07 -.16369D-06
   26  -11 0.22230D-06 0.22674D-06
   26  -10 0.16113D-06 0.16367D-06
   26   -9 -.89740D-07 0.34318D-06
   26   -8 0.50299D-06 0.36412D-06
   26   -7 -.22708D-06 -.10074D-06
   26   -6 -.55724D-07 0.16868D-06
   26   -5 -.20617D-06 -.19419D-06
   26   -4 0.64325D-07 -.50429D-06
   26   -3 -.58718D-06 -.19781D-06
   26   -2 0.14379D-06 0.63343D-06
   26   -1 0.63098D-06 0.27363D-06
   26    0 -.35343D-06 0.00000D+00
   26    1 -.63098D-06 0.27363D-06
   26    2 0.14379D-06 -.63343D-06
   26    3 0.58718D-06 -.19781D-06
   26    4 0.64325D-07 0.50429D-06
   26    5 0.20617D-06 -.19419D-06
   26    6 -.55724D-07 -.16868D-06
   26    7 0.22708D-06 -.10074D-06
   26    8 0.50299D-06 -.36412D-06
   26    9 0.89740D-07 0.34318D-06
   26   10 0.16113D-06 -.16367D-06
   26   11 -.22230D-06 0.22674D-06
   26   12 -.42891D-07 0.16369D-06
   26   13 0.61044D-08 0.18861D-06
   26   14 -.43953D-06 0.19308D-06
   26   15 -.20055D-06 0.15334D-06
   26   16 -.58037D-06 0.26440D-06
   26   17 -.30332D-06 0.23451D-06
   26   18 -.68764D-06 0.28096D-06
   26   19 -.37909D-06 0.27924D-07
   26   20 -.77561D-06 0.24376D-06
   26   21 -.39829D-06 0.50670D-08
   26   22 -.11421D-06 -.83785D-07
   26   23 0.14507D-06 -.23350D-06
   26   24 0.43273D-06 -.32647D-06
   26   25 0.45679D-06 0.33528D-07
   26   26 0.24301D-06 -.12333D-06
   27  -27 0.84934D-07 0.11460D-06
   27  -26 -.41311D-06 0.52123D-07
   27  -25 0.82577D-06 0.44552D-07
   27  -24 -.32856D-06 -.21523D-06
   27  -23 0.18626D-06 -.29851D-07
   27  -22 0.14481D-06 -.11622D-06
   27  -21 -.69924D-06 -.53479D-07
   27  -20 0.15936D-06 -.55232D-07
   27  -19 -.63984D-06 -.22035D-07
   27  -18 0.10070D-06 -.56895D-07
   27  -17 -.57872D-06 0.18673D-06
   27  -16 0.18718D-06 0.12877D-06
   27  -15 -.27017D-06 0.25251D-06
   27  -14 0.99908D-07 0.10515D-06
   27  -13 -.23683D-06 0.63936D-07
   27  -12 -.14150D-06 0.16551D-06
   27  -11 -.42981D-07 0.24104D-06
   27  -10 0.28178D-06 0.17076D-06
   27   -9 0.47568D-06 -.81564D-06
   27   -8 -.36878D-06 0.31797D-06
   27   -7 0.85018D-06 0.22037D-06
   27   -6 -.13232D-06 -.21664D-06
   27   -5 0.22501D-06 -.18101D-06
   27   -4 -.12971D-06 -.21149D-06
   27   -3 0.50140D-07 -.61397D-06
   27   -2 -.10082D-05 -.38249D-06
   27   -1 0.30158D-07 -.73616D-07
   27    0 0.12088D-05 0.00000D+00
   27    1 -.30158D-07 -.73616D-07
   27    2 -.10082D-05 0.38249D-06
   27    3 -.50140D-07 -.61397D-06
   27    4 -.12971D-06 0.21149D-06
   27    5 -.22501D-06 -.18101D-06
   27    6 -.13232D-06 0.21664D-06
   27    7 -.85018D-06 0.22037D-06
   27    8 -.36878D-06 -.31797D-06
   27    9 -.47568D-06 -.81564D-06
   27   10 0.28178D-06 -.17076D-06
   27   11 0.42981D-07 0.24104D-06
   27   12 -.14150D-06 -.16551D-06
   27   13 0.23683D-06 0.63936D-07
   27   14 0.99908D-07 -.10515D-06
   27   15 0.27017D-06 0.25251D-06
   27   16 0.18718D-06 -.12877D-06
   27   17 0.57872D-06 0.18673D-06
   27   18 0.10070D-06 0.56895D-07
   27   19 0.63984D-06 -.22035D-07
   27   20 0.15936D-06 0.55232D-07
   27   21 0.69924D-06 -.53479D-07
   27   22 0.14481D-06 0.11622D-06
   27   23 -.18626D-06 -.29851D-07
   27   24 -.32856D-06 0.21523D-06
   27   25 -.82577D-06 0.44552D-07
   27   26 -.41311D-06 -.52123D-07
   27   27 -.84934D-07 0.11460D-06
   28  -28 -.57345D-07 0.42257D-07
   28  -27 -.18385D-06 0.10744D-06
   28  -26 0.94687D-06 -.17409D-06
   28  -25 -.38449D-06 -.74578D-07
   28  -24 0.50435D-06 -.16142D-06
   28  -23 -.83043D-07 -.90249D-07
   28  -22 -.25882D-06 0.36113D-07
   28  -21 -.81014D-07 -.10020D-06
   28  -20 -.23767D-06 0.19187D-06
   28  -19 -.11586D-06 -.15869D-06
   28  -18 -.17948D-06 0.50220D-06
   28  -17 -.26333D-07 0.73193D-07
   28  -16 -.10882D-06 0.35808D-06
   28  -15 -.46204D-07 0.53693D-07
   28  -14 -.54073D-07 0.39977D-06
   28  -13 0.92641D-08 -.28073D-07
   28  -12 0.30429D-07 0.15913D-06
   28  -11 -.21667D-06 0.17189D-06
   28  -10 -.40439D-06 0.79016D-06
   28   -9 0.15887D-06 0.26731D-06
   28   -8 0.33632D-07 -.37220D-06
   28   -7 -.10874D-06 0.68407D-06
   28   -6 0.33499D-06 -.38208D-06
   28   -5 -.85093D-07 -.15297D-06
   28   -4 0.19368D-06 0.16714D-08
   28   -3 0.50842D-08 0.24046D-06
   28   -2 -.53923D-07 -.19594D-06
   28   -1 -.93657D-06 -.28285D-06
   28    0 -.25740D-06 0.00000D+00
   28    1 0.93657D-06 -.28285D-06
   28    2 -.53923D-07 0.19594D-06
   28    3 -.50842D-08 0.24046D-06
   28    4 0.19368D-06 -.16714D-08
   28    5 0.85093D-07 -.15297D-06
   28    6 0.33499D-06 0.38208D-06
   28    7 0.10874D-06 0.68407D-06
   28    8 0.33632D-07 0.37220D-06
   28    9 -.15887D-06 0.26731D-06
   28   10 -.40439D-06 -.79016D-06
   28   11 0.21667D-06 0.17189D-06
   28   12 0.30429D-07 -.15913D-06
   28   13 -.92641D-08 -.28073D-07
   28   14 -.54073D-07 -.39977D-06
   28   15 0.46204D-07 0.53693D-07
   28   16 -.10882D-06 -.35808D-06
   28   17 0.26333D-07 0.73193D-07
   28   18 -.17948D-06 -.50220D-06
   28   19 0.11586D-06 -.15869D-06
   28   20 -.23767D-06 -.19187D-06
   28   21 0.81014D-07 -.10020D-06
   28   22 -.25882D-06 -.36113D-07
   28   23 0.83043D-07 -.90249D-07
   28   24 0.50435D-06 0.16142D-06
   28   25 0.38449D-06 -.74578D-07
   28   26 0.94687D-06 0.17409D-06
   28   27 0.18385D-06 0.10744D-06
   28   28 -.57345D-07 -.42257D-07
   29  -29 -.11017D-06 -.70659D-07
   29  -28 0.94159D-07 0.17245D-06
   29  -27 0.76742D-06 -.24460D-06
   29  -26 -.31900D-06 0.84298D-07
   29  -25 0.67891D-06 -.20517D-06
   29  -24 -.15519D-06 0.21354D-07
   29  -23 0.16556D-06 0.18531D-09
   29  -22 -.20854D-06 -.10987D-06
   29  -21 0.10530D-06 0.23867D-06
   29  -20 -.34100D-06 -.15392D-06
   29  -19 0.32002D-06 0.50896D-06
   29  -18 -.20410D-06 -.20387D-06
   29  -17 0.15358D-06 0.31905D-06
   29  -16 -.57676D-07 -.13620D-06
   29  -15 0.12443D-06 0.52610D-06
   29  -14 0.70197D-07 -.45499D-07
   29  -13 -.40660D-07 0.10743D-07
   29  -12 -.98237D-07 0.69885D-07
   29  -11 0.19554D-06 -.11167D-06
   29  -10 0.40602D-06 0.10131D-06
   29   -9 -.18810D-06 0.40313D-06
   29   -8 0.34176D-06 0.54596D-06
   29   -7 0.19923D-06 -.95202D-07
   29   -6 0.44612D-06 0.60533D-06
   29   -5 0.10697D-06 -.14572D-06
   29   -4 0.30449D-06 0.34547D-06
   29   -3 0.24385D-06 -.69512D-06
   29   -2 0.33230D-06 0.88977D-07
   29   -1 0.28771D-06 -.56950D-07
   29    0 0.80196D-07 0.00000D+00
   29    1 -.28771D-06 -.56950D-07
   29    2 0.33230D-06 -.88977D-07
   29    3 -.24385D-06 -.69512D-06
   29    4 0.30449D-06 -.34547D-06
   29    5 -.10697D-06 -.14572D-06
   29    6 0.44612D-06 -.60533D-06
   29    7 -.19923D-06 -.95202D-07
   29    8 0.34176D-06 -.54596D-06
   29    9 0.18810D-06 0.40313D-06
   29   10 0.40602D-06 -.10131D-06
   29   11 -.19554D-06 -.11167D-06
   29   12 -.98237D-07 -.69885D-07
   29   13 0.40660D-07 0.10743D-07
   29   14 0.70197D-07 0.45499D-07
   29   15 -.12443D-06 0.52610D-06
   29   16 -.57676D-07 0.13620D-06
   29   17 -.15358D-06 0.31905D-06
   29   18 -.20410D-06 0.20387D-06
   29   19 -.32002D-06 0.50896D-06
   29   20 -.34100D-06 0.15392D-06
   29   21 -.10530D-06 0.23867D-06
   29   22 -.20854D-06 0.10987D-06
   29   23 -.16556D-06 0.18531D-09
   29   24 -.15519D-06 -.21354D-07
   29   25 -.67891D-06 -.20517D-06
   29   26 -.31900D-06 -.84298D-07
   29   27 -.76742D-06 -.24460D-06
   29   28 0.94159D-07 -.17245D-06
   29   29 0.11017D-06 -.70659D-07
   30  -30 -.64804D-07 -.17992D-06
   30  -29 0.27804D-06 0.22177D-06
   30  -28 0.43528D-06 -.18330D-06
   30  -27 -.20742D-06 0.17660D-06
   30  -26 0.67989D-06 -.12120D-06
   30  -25 -.70063D-07 0.12170D-06
   30  -24 0.35027D-06 -.72622D-07
   30  -23 -.14327D-06 -.36105D-08
   30  -22 0.36355D-06 0.94725D-07
   30  -21 -.34769D-06 -.74535D-07
   30  -20 0.62460D-06 0.28650D-06
   30  -19 -.18958D-06 -.13623D-06
   30  -18 0.29456D-06 0.15718D-06
   30  -17 -.19824D-06 -.56495D-07
   30  -16 0.28468D-06 0.19582D-06
   30  -15 -.66218D-07 0.79936D-07
   30  -14 0.20716D-06 -.14873D-06
   30  -13 -.91704D-07 -.18661D-06
   30  -12 0.51016D-08 0.90439D-08
   30  -11 -.32071D-06 -.62882D-07
   30  -10 -.22769D-06 0.80468D-07
   30   -9 0.12892D-06 -.31630D-06
   30   -8 -.33155D-06 -.52594D-06
   30   -7 0.12006D-06 0.45517D-07
   30   -6 0.69452D-07 0.10528D-06
   30   -5 0.11301D-06 0.14768D-06
   30   -4 -.16692D-06 0.32501D-06
   30   -3 0.49965D-06 0.90001D-07
   30   -2 0.20492D-08 -.39141D-06
   30   -1 -.52112D-06 -.25852D-06
   30    0 0.24721D-06 0.00000D+00
   30    1 0.52112D-06 -.25852D-06
   30    2 0.20492D-08 0.39141D-06
   30    3 -.49965D-06 0.90001D-07
   30    4 -.16692D-06 -.32501D-06
   30    5 -.11301D-06 0.14768D-06
   30    6 0.69452D-07 -.10528D-06
   30    7 -.12006D-06 0.45517D-07
   30    8 -.33155D-06 0.52594D-06
   30    9 -.12892D-06 -.31630D-06
   30   10 -.22769D-06 -.80468D-07
   30   11 0.32071D-06 -.62882D-07
   30   12 0.51016D-08 -.90439D-08
   30   13 0.91704D-07 -.18661D-06
   30   14 0.20716D-06 0.14873D-06
   30   15 0.66218D-07 0.79936D-07
   30   16 0.28468D-06 -.19582D-06
   30   17 0.19824D-06 -.56495D-07
   30   18 0.29456D-06 -.15718D-06
   30   19 0.18958D-06 -.13623D-06
   30   20 0.62460D-06 -.28650D-06
   30   21 0.34769D-06 -.74535D-07
   30   22 0.36355D-06 -.94725D-07
   30   23 0.14327D-06 -.36105D-08
   30   24 0.35027D-06 0.72622D-07
   30   25 0.70063D-07 0.12170D-06
   30   26 0.67989D-06 0.12120D-06
   30   27 0.20742D-06 0.17660D-06
   30   28 0.43528D-06 0.18330D-06
   30   29 -.27804D-06 0.22177D-06
   30   30 -.64804D-07 0.17992D-06
   31  -31 0.26623D-07 -.23951D-06
   31  -30 0.29839D-06 0.23762D-06
   31  -29 0.15528D-06 -.80613D-07
   31  -28 -.12823D-06 0.17819D-06
   31  -27 0.58999D-06 0.35754D-07
   31  -26 0.87707D-07 0.13523D-06
   31  -25 0.24392D-06 -.10692D-06
   31  -24 0.59605D-07 0.93510D-07
   31  -23 0.23939D-06 -.14951D-06
   31  -22 -.19703D-06 -.74108D-07
   31  -21 0.35652D-06 0.33558D-07
   31  -20 -.12973D-06 0.22412D-07
   31  -19 0.29664D-06 -.12853D-06
   31  -18 -.15989D-06 -.12096D-06
   31  -17 0.31425D-06 -.14070D-06
   31  -16 0.27288D-07 -.76613D-07
   31  -15 0.81553D-07 -.26983D-06
   31  -14 -.60045D-07 -.16035D-06
   31  -13 0.17971D-07 0.46813D-07
   31  -12 -.71707D-08 -.60703D-07
   31  -11 0.93223D-07 -.33751D-06
   31  -10 -.51127D-07 -.80245D-07
   31   -9 -.35562D-06 0.83559D-06
   31   -8 0.14109D-07 -.25292D-06
   31   -7 -.62954D-06 -.31818D-07
   31   -6 0.13531D-06 0.34990D-06
   31   -5 -.18696D-06 0.72662D-07
   31   -4 0.84883D-07 0.55724D-07
   31   -3 -.11574D-07 0.64422D-06
   31   -2 0.84297D-06 0.39012D-06
   31   -1 -.56602D-07 0.35489D-08
   31    0 -.71372D-06 0.00000D+00
   31    1 0.56602D-07 0.35489D-08
   31    2 0.84297D-06 -.39012D-06
   31    3 0.11574D-07 0.64422D-06
   31    4 0.84883D-07 -.55724D-07
   31    5 0.18696D-06 0.72662D-07
   31    6 0.13531D-06 -.34990D-06
   31    7 0.62954D-06 -.31818D-07
   31    8 0.14109D-07 0.25292D-06
   31    9 0.35562D-06 0.83559D-06
   31   10 -.51127D-07 0.80245D-07
   31   11 -.93223D-07 -.33751D-06
   31   12 -.71707D-08 0.60703D-07
   31   13 -.17971D-07 0.46813D-07
   31   14 -.60045D-07 0.16035D-06
   31   15 -.81553D-07 -.26983D-06
   31   16 0.27288D-07 0.76613D-07
   31   17 -.31425D-06 -.14070D-06
   31   18 -.15989D-06 0.12096D-06
   31   19 -.29664D-06 -.12853D-06
   31   20 -.12973D-06 -.22412D-07
   31   21 -.35652D-06 0.33558D-07
   31   22 -.19703D-06 0.74108D-07
   31   23 -.23939D-06 -.14951D-06
   31   24 0.59605D-07 -.93510D-07
   31   25 -.24392D-06 -.10692D-06
   31   26 0.87707D-07 -.13523D-06
   31   27 -.58999D-06 0.35754D-07
   31   28 -.12823D-06 -.17819D-06
   31   29 -.15528D-06 -.80613D-07
   31   30 0.29839D-06 -.23762D-06
   31   31 -.26623D-07 -.23951D-06
   32  -32 0.91190D-07 -.22425D-06
   32  -31 0.18639D-06 0.21335D-06
   32  -30 0.57133D-07 -.35746D-07
   32  -29 -.11641D-06 0.12464D-06
   32  -28 0.52130D-06 0.15751D-06
   32  -27 0.19548D-06 0.54921D-07
   32  -26 -.16632D-08 -.71215D-07
   32  -25 0.25602D-06 0.12584D-06
   32  -24 -.10780D-06 -.31277D-06
   32  -23 0.39938D-07 0.48683D-07
   32  -22 0.84228D-07 -.12552D-06
   32  -21 0.54020D-07 0.17750D-06
   32  -20 0.13747D-06 -.37988D-06
   32  -19 -.22526D-07 0.24970D-07
   32  -18 0.49020D-07 -.21946D-06
   32  -17 -.11688D-07 0.64074D-07
   32  -16 0.12473D-07 -.43220D-06
   32  -15 -.13082D-06 0.52415D-07
   32  -14 0.10388D-06 -.89774D-07
   32  -13 -.63942D-07 -.69288D-07
   32  -12 0.50385D-08 -.28658D-06
   32  -11 -.83289D-07 -.97361D-07
   32  -10 0.34329D-06 -.54024D-06
   32   -9 -.14908D-06 -.48540D-06
   32   -8 -.43589D-07 0.46937D-06
   32   -7 0.76698D-07 -.38205D-06
   32   -6 -.19764D-06 0.20491D-06
   32   -5 0.92495D-07 -.10540D-06
   32   -4 -.12244D-06 0.83012D-07
   32   -3 -.78381D-07 -.53650D-07
   32   -2 0.55515D-07 0.10372D-06
   32   -1 0.82472D-06 0.20596D-06
   32    0 0.19412D-06 0.00000D+00
   32    1 -.82472D-06 0.20596D-06
   32    2 0.55515D-07 -.10372D-06
   32    3 0.78381D-07 -.53650D-07
   32    4 -.12244D-06 -.83012D-07
   32    5 -.92495D-07 -.10540D-06
   32    6 -.19764D-06 -.20491D-06
   32    7 -.76698D-07 -.38205D-06
   32    8 -.43589D-07 -.46937D-06
   32    9 0.14908D-06 -.48540D-06
   32   10 0.34329D-06 0.54024D-06
   32   11 0.83289D-07 -.97361D-07
   32   12 0.50385D-08 0.28658D-06
   32   13 0.63942D-07 -.69288D-07
   32   14 0.10388D-06 0.89774D-07
   32   15 0.13082D-06 0.52415D-07
   32   16 0.12473D-07 0.43220D-06
   32   17 0.11688D-07 0.64074D-07
   32   18 0.49020D-07 0.21946D-06
   32   19 0.22526D-07 0.24970D-07
   32   20 0.13747D-06 0.37988D-06
   32   21 -.54020D-07 0.17750D-06
   32   22 0.84228D-07 0.12552D-06
   32   23 -.39938D-07 0.48683D-07
   32   24 -.10780D-06 0.31277D-06
   32   25 -.25602D-06 0.12584D-06
   32   26 -.16632D-08 0.71215D-07
   32   27 -.19548D-06 0.54921D-07
   32   28 0.52130D-06 -.15751D-06
   32   29 0.11641D-06 0.12464D-06
   32   30 0.57133D-07 0.35746D-07
   32   31 -.18639D-06 0.21335D-06
   32   32 0.91190D-07 0.22425D-06
   33  -33 0.82363D-07 -.14339D-06
   33  -32 0.41126D-07 0.15504D-06
   33  -31 0.13121D-06 -.95899D-07
   33  -30 -.14803D-06 0.74669D-07
   33  -29 0.54033D-06 0.15912D-06
   33  -28 0.19013D-06 -.73903D-07
   33  -27 -.17755D-06 0.54660D-09
   33  -26 0.36134D-06 0.88712D-07
   33  -25 -.47911D-06 -.33973D-06
   33  -24 0.23024D-06 0.97519D-07
   33  -23 -.31815D-06 -.16470D-06
   33  -22 0.15734D-06 0.27475D-07
   33  -21 -.36595D-06 -.38833D-06
   33  -20 0.64682D-07 0.12096D-06
   33  -19 -.13576D-06 -.15150D-06
   33  -18 0.87841D-07 0.10591D-06
   33  -17 -.62803D-07 -.41228D-06
   33  -16 0.42772D-07 -.20558D-07
   33  -15 -.20566D-07 -.13984D-06
   33  -14 -.17761D-07 0.56749D-07
   33  -13 0.51328D-07 -.10211D-06
   33  -12 -.15625D-06 -.10314D-06
   33  -11 -.48465D-07 0.10750D-06
   33  -10 -.32120D-06 -.77180D-07
   33   -9 0.12357D-06 -.36110D-08
   33   -8 -.47133D-06 -.37949D-06
   33   -7 -.16797D-06 -.44045D-07
   33   -6 -.31788D-06 -.60057D-06
   33   -5 -.39772D-07 0.19916D-06
   33   -4 -.45596D-06 -.12147D-06
   33   -3 -.25288D-06 0.64251D-06
   33   -2 -.16702D-06 -.15108D-06
   33   -1 -.24810D-06 -.11032D-07
   33    0 0.19599D-06 0.00000D+00
   33    1 0.24810D-06 -.11032D-07
   33    2 -.16702D-06 0.15108D-06
   33    3 0.25288D-06 0.64251D-06
   33    4 -.45596D-06 0.12147D-06
   33    5 0.39772D-07 0.19916D-06
   33    6 -.31788D-06 0.60057D-06
   33    7 0.16797D-06 -.44045D-07
   33    8 -.47133D-06 0.37949D-06
   33    9 -.12357D-06 -.36110D-08
   33   10 -.32120D-06 0.77180D-07
   33   11 0.48465D-07 0.10750D-06
   33   12 -.15625D-06 0.10314D-06
   33   13 -.51328D-07 -.10211D-06
   33   14 -.17761D-07 -.56749D-07
   33   15 0.20566D-07 -.13984D-06
   33   16 0.42772D-07 0.20558D-07
   33   17 0.62803D-07 -.41228D-06
   33   18 0.87841D-07 -.10591D-06
   33   19 0.13576D-06 -.15150D-06
   33   20 0.64682D-07 -.12096D-06
   33   21 0.36595D-06 -.38833D-06
   33   22 0.15734D-06 -.27475D-07
   33   23 0.31815D-06 -.16470D-06
   33   24 0.23024D-06 -.97519D-07
   33   25 0.47911D-06 -.33973D-06
   33   26 0.36134D-06 -.88712D-07
   33   27 0.17755D-06 0.54660D-09
   33   28 0.19013D-06 0.73903D-07
   33   29 -.54033D-06 0.15912D-06
   33   30 -.14803D-06 -.74669D-07
   33   31 -.13121D-06 -.95899D-07
   33   32 0.41126D-07 -.15504D-06
   33   33 -.82363D-07 -.14339D-06
   34  -34 0.56191D-08 -.36889D-07
   34  -33 -.36672D-07 0.80184D-07
   34  -32 0.25812D-06 -.23514D-06
   34  -31 -.16747D-06 0.69533D-07
   34  -30 0.62827D-06 0.31248D-07
   34  -29 0.73712D-07 -.17885D-06
   34  -28 -.16437D-06 0.46773D-07
   34  -27 0.32447D-06 0.40570D-07
   34  -26 -.63589D-06 -.23685D-06
   34  -25 0.25140D-06 0.57258D-07
   34  -24 -.50108D-06 -.43657D-07
   34  -23 0.15228D-06 0.41014D-07
   34  -22 -.39659D-06 -.17651D-06
   34  -21 0.14876D-06 0.21839D-06
   34  -20 -.19046D-06 -.33210D-07
   34  -19 0.85793D-07 0.10046D-06
   34  -18 -.24908D-06 -.13308D-06
   34  -17 0.84882D-07 0.30011D-07
   34  -16 -.99671D-07 -.54431D-07
   34  -15 -.11751D-06 0.17818D-06
   34  -14 -.40830D-07 -.31455D-07
   34  -13 -.75271D-07 -.69651D-07
   34  -12 0.11199D-06 0.11933D-06
   34  -11 0.16219D-06 0.14796D-06
   34  -10 0.22721D-06 -.26694D-06
   34   -9 -.10608D-06 0.13881D-06
   34   -8 0.35761D-06 0.50109D-06
   34   -7 -.10951D-06 -.74035D-07
   34   -6 0.72469D-08 -.94416D-08
   34   -5 -.16518D-06 -.10238D-06
   34   -4 0.31006D-07 -.35411D-06
   34   -3 -.31639D-06 -.11128D-06
   34   -2 0.37686D-07 0.30267D-06
   34   -1 0.33476D-06 0.28106D-06
   34    0 -.25981D-06 0.00000D+00
   34    1 -.33476D-06 0.28106D-06
   34    2 0.37686D-07 -.30267D-06
   34    3 0.31639D-06 -.11128D-06
   34    4 0.31006D-07 0.35411D-06
   34    5 0.16518D-06 -.10238D-06
   34    6 0.72469D-08 0.94416D-08
   34    7 0.10951D-06 -.74035D-07
   34    8 0.35761D-06 -.50109D-06
   34    9 0.10608D-06 0.13881D-06
   34   10 0.22721D-06 0.26694D-06
   34   11 -.16219D-06 0.14796D-06
   34   12 0.11199D-06 -.11933D-06
   34   13 0.75271D-07 -.69651D-07
   34   14 -.40830D-07 0.31455D-07
   34   15 0.11751D-06 0.17818D-06
   34   16 -.99671D-07 0.54431D-07
   34   17 -.84882D-07 0.30011D-07
   34   18 -.24908D-06 0.13308D-06
   34   19 -.85793D-07 0.10046D-06
   34   20 -.19046D-06 0.33210D-07
   34   21 -.14876D-06 0.21839D-06
   34   22 -.39659D-06 0.17651D-06
   34   23 -.15228D-06 0.41014D-07
   34   24 -.50108D-06 0.43657D-07
   34   25 -.25140D-06 0.57258D-07
   34   26 -.63589D-06 0.23685D-06
   34   27 -.32447D-06 0.40570D-07
   34   28 -.16437D-06 -.46773D-07
   34   29 -.73712D-07 -.17885D-06
   34   30 0.62827D-06 -.31248D-07
   34   31 0.16747D-06 0.69533D-07
   34   32 0.25812D-06 0.23514D-06
   34   33 0.36672D-07 0.80184D-07
   34   34 0.56191D-08 0.36889D-07
   35  -35 -.90426D-07 0.45114D-07
   35  -34 -.31982D-08 0.11598D-07
   35  -33 0.29889D-06 -.37827D-06
   35  -32 -.12821D-06 0.11261D-06
   35  -31 0.70596D-06 -.15677D-06
   35  -30 -.86657D-07 -.20800D-06
   35  -29 0.35295D-07 0.41742D-07
   35  -28 0.22492D-06 0.64937D-08
   35  -27 -.50785D-06 -.82515D-07
   35  -26 0.15893D-06 -.49026D-07
   35  -25 -.46235D-06 0.85878D-07
   35  -24 0.42988D-07 -.23568D-08
   35  -23 -.35418D-06 0.79662D-07
   35  -22 0.96500D-07 -.63041D-07
   35  -21 -.30960D-06 0.12295D-06
   35  -20 0.55468D-08 -.23241D-07
   35  -19 -.19764D-06 0.12048D-06
   35  -18 0.11816D-06 0.13560D-06
   35  -17 -.64969D-07 0.89427D-07
   35  -16 -.12780D-07 0.14615D-06
   35  -15 0.81121D-08 -.31413D-07
   35  -14 0.71844D-07 0.53981D-07
   35  -13 0.71737D-07 0.15812D-06
   35  -12 -.19226D-06 0.11063D-06
   35  -11 -.13601D-06 -.16735D-07
   35  -10 0.72541D-07 0.12738D-06
   35   -9 0.45577D-06 -.60826D-06
   35   -8 -.29066D-06 0.84335D-07
   35   -7 0.47445D-06 0.49697D-07
   35   -6 -.83163D-07 -.23344D-06
   35   -5 0.86905D-07 -.91443D-07
   35   -4 -.15787D-06 -.11767D-06
   35   -3 0.51082D-07 -.49822D-06
   35   -2 -.75312D-06 -.28199D-06
   35   -1 0.32978D-07 -.64215D-07
   35    0 0.99051D-06 0.00000D+00
   35    1 -.32978D-07 -.64215D-07
   35    2 -.75312D-06 0.28199D-06
   35    3 -.51082D-07 -.49822D-06
   35    4 -.15787D-06 0.11767D-06
   35    5 -.86905D-07 -.91443D-07
   35    6 -.83163D-07 0.23344D-06
   35    7 -.47445D-06 0.49697D-07
   35    8 -.29066D-06 -.84335D-07
   35    9 -.45577D-06 -.60826D-06
   35   10 0.72541D-07 -.12738D-06
   35   11 0.13601D-06 -.16735D-07
   35   12 -.19226D-06 -.11063D-06
   35   13 -.71737D-07 0.15812D-06
   35   14 0.71844D-07 -.53981D-07
   35   15 -.81121D-08 -.31413D-07
   35   16 -.12780D-07 -.14615D-06
   35   17 0.64969D-07 0.89427D-07
   35   18 0.11816D-06 -.13560D-06
   35   19 0.19764D-06 0.12048D-06
   35   20 0.55468D-08 0.23241D-07
   35   21 0.30960D-06 0.12295D-06
   35   22 0.96500D-07 0.63041D-07
   35   23 0.35418D-06 0.79662D-07
   35   24 0.42988D-07 0.23568D-08
   35   25 0.46235D-06 0.85878D-07
   35   26 0.15893D-06 0.49026D-07
   35   27 0.50785D-06 -.82515D-07
   35   28 0.22492D-06 -.64937D-08
   35   29 -.35295D-07 0.41742D-07
   35   30 -.86657D-07 0.20800D-06
   35   31 -.70596D-06 -.15677D-06
   35   32 -.12821D-06 -.11261D-06
   35   33 -.29889D-06 -.37827D-06
   35   34 -.31982D-08 -.11598D-07
   35   35 0.90426D-07 0.45114D-07
   36  -36 -.14811D-06 0.68649D-07
   36  -35 0.11001D-06 -.32025D-07
   36  -34 0.18497D-06 -.44978D-06
   36  -33 -.23777D-07 0.17605D-06
   36  -32 0.69776D-06 -.30737D-06
   36  -31 -.21446D-06 -.15854D-06
   36  -30 0.30447D-06 0.48213D-08
   36  -29 0.12897D-06 0.20603D-08
   36  -28 -.22540D-06 0.18386D-07
   36  -27 -.22870D-07 -.96045D-07
   36  -26 -.20290D-06 0.15364D-06
   36  -25 -.12050D-06 -.40172D-07
   36  -24 -.74225D-07 0.31542D-06
   36  -23 -.14341D-07 -.74304D-07
   36  -22 0.17345D-07 0.21295D-06
   36  -21 -.84050D-07 0.22574D-07
   36  -20 -.44195D-07 0.23937D-06
   36  -19 0.24505D-07 0.82662D-07
   36  -18 0.24165D-09 0.20573D-06
   36  -17 0.63453D-07 0.10591D-07
   36  -16 -.26493D-07 0.11571D-06
   36  -15 -.28817D-07 -.33316D-07
   36  -14 -.71347D-07 0.19359D-06
   36  -13 0.29071D-07 0.16473D-07
   36  -12 0.51491D-07 0.13326D-07
   36  -11 0.12307D-06 0.16385D-06
   36  -10 -.18835D-06 0.48565D-06
   36   -9 0.13125D-07 0.30151D-06
   36   -8 0.12401D-07 -.33227D-06
   36   -7 0.61207D-08 0.46794D-06
   36   -6 0.15905D-06 -.16397D-06
   36   -5 -.86699D-07 -.95369D-07
   36   -4 0.91857D-07 -.13919D-06
   36   -3 0.14508D-07 0.17073D-06
   36   -2 -.25306D-07 0.40809D-07
   36   -1 -.68921D-06 -.21160D-06
   36    0 -.24915D-06 0.00000D+00
   36    1 0.68921D-06 -.21160D-06
   36    2 -.25306D-07 -.40809D-07
   36    3 -.14508D-07 0.17073D-06
   36    4 0.91857D-07 0.13919D-06
   36    5 0.86699D-07 -.95369D-07
   36    6 0.15905D-06 0.16397D-06
   36    7 -.61207D-08 0.46794D-06
   36    8 0.12401D-07 0.33227D-06
   36    9 -.13125D-07 0.30151D-06
   36   10 -.18835D-06 -.48565D-06
   36   11 -.12307D-06 0.16385D-06
   36   12 0.51491D-07 -.13326D-07
   36   13 -.29071D-07 0.16473D-07
   36   14 -.71347D-07 -.19359D-06
   36   15 0.28817D-07 -.33316D-07
   36   16 -.26493D-07 -.11571D-06
   36   17 -.63453D-07 0.10591D-07
   36   18 0.24165D-09 -.20573D-06
   36   19 -.24505D-07 0.82662D-07
   36   20 -.44195D-07 -.23937D-06
   36   21 0.84050D-07 0.22574D-07
   36   22 0.17345D-07 -.21295D-06
   36   23 0.14341D-07 -.74304D-07
   36   24 -.74225D-07 -.31542D-06
   36   25 0.12050D-06 -.40172D-07
   36   26 -.20290D-06 -.15364D-06
   36   27 0.22870D-07 -.96045D-07
   36   28 -.22540D-06 -.18386D-07
   36   29 -.12897D-06 0.20603D-08
   36   30 0.30447D-06 -.48213D-08
   36   31 0.21446D-06 -.15854D-06
   36   32 0.69776D-06 0.30737D-06
   36   33 0.23777D-07 0.17605D-06
   36   34 0.18497D-06 0.44978D-06
   36   35 -.11001D-06 -.32025D-07
   36   36 -.14811D-06 -.68649D-07
