    0   36
    0    0 0.61559D-05 0.00000D+00
    1   -1 0.11447D-04 0.44121D-05
    1    0 0.43930D-05 0.00000D+00
    1    1 -.11447D-04 0.44121D-05
    2   -2 0.25141D-03 -.78069D-03
    2   -1 -.27458D-03 -.82221D-03
    2    0 0.22904D-04 0.00000D+00
    2    1 0.27458D-03 -.82221D-03
    2    2 0.25141D-03 0.78069D-03
    3   -3 0.63976D-04 -.14493D-03
    3   -2 0.40208D-03 -.68101D-04
    3   -1 0.10849D-03 -.51763D-03
    3    0 -.27723D-03 0.00000D+00
    3    1 -.10849D-03 -.51763D-03
    3    2 0.40208D-03 0.68101D-04
    3    3 -.63976D-04 -.14493D-03
    4   -4 0.31597D-04 0.60845D-04
    4   -3 0.37566D-03 -.18336D-03
    4   -2 0.20558D-04 -.62747D-04
    4   -1 0.10050D-03 0.19402D-03
    4    0 -.15035D-03 0.00000D+00
    4    1 -.10050D-03 0.19402D-03
    4    2 0.20558D-04 0.62747D-04
    4    3 -.37566D-03 -.18336D-03
    4    4 0.31597D-04 -.60845D-04
    5   -5 0.41494D-03 0.17442D-03
    5   -4 0.36311D-03 0.13686D-03
    5   -3 0.19142D-03 -.38225D-04
    5   -2 -.31725D-04 -.12925D-04
    5   -1 0.25773D-03 -.71219D-04
    5    0 0.88612D-04 0.00000D+00
    5    1 -.25773D-03 -.71219D-04
    5    2 -.31725D-04 0.12925D-04
    5    3 -.19142D-03 -.38225D-04
    5    4 0.36311D-03 -.13686D-03
    5    5 -.41494D-03 0.17442D-03
    6   -6 0.20624D-03 0.12829D-03
    6   -5 0.61925D-04 0.20228D-03
    6   -4 0.31757D-03 -.34884D-05
    6   -3 -.98273D-04 -.16817D-03
    6   -2 0.88023D-04 0.23391D-03
    6   -1 0.13697D-03 -.29813D-04
    6    0 -.26195D-03 0.00000D+00
    6    1 -.13697D-03 -.29813D-04
    6    2 0.88023D-04 -.23391D-03
    6    3 0.98273D-04 -.16817D-03
    6    4 0.31757D-03 0.34884D-05
    6    5 -.61925D-04 0.20228D-03
    6    6 0.20624D-03 -.12829D-03
    7   -7 -.22226D-04 0.20649D-03
    7   -6 -.25242D-03 0.30091D-03
    7   -5 0.97157D-04 0.43393D-03
    7   -4 0.75322D-04 0.55656D-04
    7   -3 0.13468D-04 0.11280D-03
    7   -2 0.11520D-03 0.18357D-03
    7   -1 0.14908D-03 -.40080D-04
    7    0 -.11223D-03 0.00000D+00
    7    1 -.14908D-03 -.40080D-04
    7    2 0.11520D-03 -.18357D-03
    7    3 -.13468D-04 0.11280D-03
    7    4 0.75322D-04 -.55656D-04
    7    5 -.97157D-04 0.43393D-03
    7    6 -.25242D-03 -.30091D-03
    7    7 0.22226D-04 0.20649D-03
    8   -8 0.31111D-05 0.20975D-03
    8   -7 -.21987D-03 0.33250D-04
    8   -6 -.10909D-03 0.18318D-03
    8   -5 0.97942D-05 0.37414D-05
    8   -4 -.15885D-04 -.14846D-03
    8   -3 -.10507D-03 0.13118D-03
    8   -2 0.28271D-03 -.83883D-04
    8   -1 -.13466D-03 -.25116D-03
    8    0 0.88701D-04 0.00000D+00
    8    1 0.13466D-03 -.25116D-03
    8    2 0.28271D-03 0.83883D-04
    8    3 0.10507D-03 0.13118D-03
    8    4 -.15885D-04 0.14846D-03
    8    5 -.97942D-05 0.37414D-05
    8    6 -.10909D-03 -.18318D-03
    8    7 0.21987D-03 0.33250D-04
    8    8 0.31111D-05 -.20975D-03
    9   -9 -.18811D-04 0.75900D-04
    9   -8 -.27699D-03 -.23154D-03
    9   -7 -.36491D-03 -.15719D-04
    9   -6 -.13499D-03 0.11107D-03
    9   -5 -.20977D-04 0.38503D-04
    9   -4 -.10324D-03 -.44067D-04
    9   -3 -.17523D-03 0.14372D-03
    9   -2 0.81364D-04 0.97010D-04
    9   -1 -.13025D-03 -.25261D-03
    9    0 -.21085D-04 0.00000D+00
    9    1 0.13025D-03 -.25261D-03
    9    2 0.81364D-04 -.97010D-04
    9    3 0.17523D-03 0.14372D-03
    9    4 -.10324D-03 0.44067D-04
    9    5 0.20977D-04 0.38503D-04
    9    6 -.13499D-03 -.11107D-03
    9    7 0.36491D-03 -.15719D-04
    9    8 -.27699D-03 0.23154D-03
    9    9 0.18811D-04 0.75900D-04
   10  -10 0.36341D-04 -.89884D-04
   10   -9 -.20733D-03 -.16083D-03
   10   -8 -.10139D-03 0.22222D-04
   10   -7 -.82636D-04 -.29824D-04
   10   -6 -.60557D-04 0.88065D-04
   10   -5 0.28493D-05 -.17138D-04
   10   -4 -.70477D-04 -.10597D-03
   10   -3 -.23468D-04 0.81127D-04
   10   -2 0.90157D-04 -.62618D-04
   10   -1 0.29456D-04 0.28495D-05
   10    0 0.17430D-03 0.00000D+00
   10    1 -.29456D-04 0.28495D-05
   10    2 0.90157D-04 0.62618D-04
   10    3 0.23468D-04 0.81127D-04
   10    4 -.70477D-04 0.10597D-03
   10    5 -.28493D-05 -.17138D-04
   10    6 -.60557D-04 -.88065D-04
   10    7 0.82636D-04 -.29824D-04
   10    8 -.10139D-03 -.22222D-04
   10    9 0.20733D-03 -.16083D-03
   10   10 0.36341D-04 0.89884D-04
   11  -11 0.16105D-04 -.64718D-04
   11  -10 0.96703D-04 -.84361D-04
   11   -9 0.15506D-03 -.24582D-03
   11   -8 -.98156D-04 -.18282D-03
   11   -7 -.35507D-04 0.12067D-04
   11   -6 0.28576D-04 -.67508D-04
   11   -5 0.79835D-04 -.13849D-03
   11   -4 -.94747D-04 -.96182D-04
   11   -3 0.36644D-04 0.18026D-03
   11   -2 0.11864D-03 -.35716D-04
   11   -1 -.52726D-04 0.54512D-05
   11    0 0.18130D-03 0.00000D+00
   11    1 0.52726D-04 0.54512D-05
   11    2 0.11864D-03 0.35716D-04
   11    3 -.36644D-04 0.18026D-03
   11    4 -.94747D-04 0.96182D-04
   11    5 -.79835D-04 -.13849D-03
   11    6 0.28576D-04 0.67508D-04
   11    7 0.35507D-04 0.12067D-04
   11    8 -.98156D-04 0.18282D-03
   11    9 -.15506D-03 -.24582D-03
   11   10 0.96703D-04 0.84361D-04
   11   11 -.16105D-04 -.64718D-04
   12  -12 0.40933D-04 0.10857D-03
   12  -11 0.14057D-03 -.14876D-03
   12  -10 0.39968D-04 -.17643D-03
   12   -9 0.21887D-05 -.46432D-04
   12   -8 -.18538D-04 -.80051D-04
   12   -7 -.44589D-04 -.52748D-04
   12   -6 0.94048D-04 -.21045D-04
   12   -5 0.44980D-04 -.11111D-03
   12   -4 -.64037D-04 -.89252D-04
   12   -3 -.32151D-04 0.80425D-04
   12   -2 0.21144D-04 -.15890D-05
   12   -1 -.17512D-04 0.66970D-04
   12    0 0.78162D-04 0.00000D+00
   12    1 0.17512D-04 0.66970D-04
   12    2 0.21144D-04 0.15890D-05
   12    3 0.32151D-04 0.80425D-04
   12    4 -.64037D-04 0.89252D-04
   12    5 -.44980D-04 -.11111D-03
   12    6 0.94048D-04 0.21045D-04
   12    7 0.44589D-04 -.52748D-04
   12    8 -.18538D-04 0.80051D-04
   12    9 -.21887D-05 -.46432D-04
   12   10 0.39968D-04 0.17643D-03
   12   11 -.14057D-03 -.14876D-03
   12   12 0.40933D-04 -.10857D-03
   13  -13 0.50709D-04 -.94115D-05
   13  -12 0.15168D-04 0.12183D-04
   13  -11 0.16044D-03 0.10026D-03
   13  -10 0.12831D-03 -.29852D-04
   13   -9 0.17824D-04 -.76090D-04
   13   -8 -.49431D-04 -.17353D-05
   13   -7 0.98967D-04 0.86547D-05
   13   -6 0.10263D-03 -.28710D-04
   13   -5 0.23220D-04 -.45723D-04
   13   -4 -.71903D-04 0.50914D-04
   13   -3 0.11353D-05 0.17317D-05
   13   -2 -.13949D-03 0.28333D-05
   13   -1 0.18087D-04 0.15909D-03
   13    0 0.12937D-04 0.00000D+00
   13    1 -.18087D-04 0.15909D-03
   13    2 -.13949D-03 -.28333D-05
   13    3 -.11353D-05 0.17317D-05
   13    4 -.71903D-04 -.50914D-04
   13    5 -.23220D-04 -.45723D-04
   13    6 0.10263D-03 0.28710D-04
   13    7 -.98967D-04 0.86547D-05
   13    8 -.49431D-04 0.17353D-05
   13    9 -.17824D-04 -.76090D-04
   13   10 0.12831D-03 0.29852D-04
   13   11 -.16044D-03 0.10026D-03
   13   12 0.15168D-04 -.12183D-04
   13   13 -.50709D-04 -.94115D-05
   14  -14 -.66675D-04 -.25291D-05
   14  -13 0.73028D-04 0.17661D-03
   14  -12 0.21409D-03 0.77810D-04
   14  -11 0.12487D-03 0.50449D-05
   14  -10 0.12198D-03 0.10841D-04
   14   -9 0.94400D-04 -.10730D-03
   14   -8 -.21791D-04 -.24291D-04
   14   -7 0.59231D-04 0.45403D-04
   14   -6 0.11512D-03 -.24057D-04
   14   -5 0.55490D-04 -.64025D-04
   14   -4 0.44802D-04 -.65018D-04
   14   -3 0.39878D-04 -.41362D-04
   14   -2 -.56485D-05 -.25795D-04
   14   -1 -.84450D-05 0.10076D-03
   14    0 0.50730D-04 0.00000D+00
   14    1 0.84450D-05 0.10076D-03
   14    2 -.56485D-05 0.25795D-04
   14    3 -.39878D-04 -.41362D-04
   14    4 0.44802D-04 0.65018D-04
   14    5 -.55490D-04 -.64025D-04
   14    6 0.11512D-03 0.24057D-04
   14    7 -.59231D-04 0.45403D-04
   14    8 -.21791D-04 0.24291D-04
   14    9 -.94400D-04 -.10730D-03
   14   10 0.12198D-03 -.10841D-04
   14   11 -.12487D-03 0.50449D-05
   14   12 0.21409D-03 -.77810D-04
   14   13 -.73028D-04 0.17661D-03
   14   14 -.66675D-04 0.25291D-05
   15  -15 0.88415D-05 0.38721D-04
   15  -14 0.40701D-04 0.67880D-05
   15  -13 -.60276D-04 0.72572D-04
   15  -12 -.13301D-04 0.20883D-03
   15  -11 0.14140D-03 0.21643D-04
   15  -10 0.49243D-04 -.10504D-03
   15   -9 -.17381D-04 0.44381D-04
   15   -8 0.10411D-04 0.63371D-04
   15   -7 -.62187D-06 -.31253D-04
   15   -6 -.51310D-04 0.30920D-04
   15   -5 0.31109D-04 0.30234D-04
   15   -4 0.23334D-04 -.45105D-04
   15   -3 -.71174D-04 -.27720D-04
   15   -2 -.60102D-04 0.27047D-04
   15   -1 -.52801D-04 0.16353D-04
   15    0 -.10349D-03 0.00000D+00
   15    1 0.52801D-04 0.16353D-04
   15    2 -.60102D-04 -.27047D-04
   15    3 0.71174D-04 -.27720D-04
   15    4 0.23334D-04 0.45105D-04
   15    5 -.31109D-04 0.30234D-04
   15    6 -.51310D-04 -.30920D-04
   15    7 0.62187D-06 -.31253D-04
   15    8 0.10411D-04 -.63371D-04
   15    9 0.17381D-04 0.44381D-04
   15   10 0.49243D-04 0.10504D-03
   15   11 -.14140D-03 0.21643D-04
   15   12 -.13301D-04 -.20883D-03
   15   13 0.60276D-04 0.72572D-04
   15   14 0.40701D-04 -.67880D-05
   15   15 -.88415D-05 0.38721D-04
   16  -16 0.65641D-04 -.82388D-04
   16  -15 -.73507D-04 0.86646D-05
   16  -14 -.10169D-03 0.11915D-03
   16  -13 -.62157D-04 0.15765D-03
   16  -12 0.40880D-04 0.12169D-03
   16  -11 0.76056D-04 0.99839D-04
   16  -10 0.66235D-04 0.83652D-05
   16   -9 -.46196D-04 0.19182D-04
   16   -8 0.41160D-04 0.60980D-04
   16   -7 0.42273D-04 0.14046D-04
   16   -6 0.15625D-04 0.10349D-03
   16   -5 0.92273D-04 0.40065D-04
   16   -4 -.10898D-05 0.13459D-04
   16   -3 -.23182D-04 0.32263D-04
   16   -2 -.63004D-04 -.24918D-04
   16   -1 -.13485D-04 0.37327D-04
   16    0 -.53261D-04 0.00000D+00
   16    1 0.13485D-04 0.37327D-04
   16    2 -.63004D-04 0.24918D-04
   16    3 0.23182D-04 0.32263D-04
   16    4 -.10898D-05 -.13459D-04
   16    5 -.92273D-04 0.40065D-04
   16    6 0.15625D-04 -.10349D-03
   16    7 -.42273D-04 0.14046D-04
   16    8 0.41160D-04 -.60980D-04
   16    9 0.46196D-04 0.19182D-04
   16   10 0.66235D-04 -.83652D-05
   16   11 -.76056D-04 0.99839D-04
   16   12 0.40880D-04 -.12169D-03
   16   13 0.62157D-04 0.15765D-03
   16   14 -.10169D-03 -.11915D-03
   16   15 0.73507D-04 0.86646D-05
   16   16 0.65641D-04 0.82388D-04
   17  -17 0.28712D-05 0.22756D-05
   17  -16 0.93952D-07 -.61583D-05
   17  -15 -.80799D-05 -.95573D-05
   17  -14 -.15676D-04 -.34470D-05
   17  -13 -.11856D-04 0.68067D-05
   17  -12 -.50453D-05 0.79379D-05
   17  -11 -.41966D-06 0.68071D-05
   17  -10 0.26161D-05 0.65332D-06
   17   -9 -.30449D-05 -.17092D-05
   17   -8 -.30138D-05 0.23214D-05
   17   -7 0.58206D-07 0.13207D-05
   17   -6 -.20843D-05 0.24173D-06
   17   -5 0.26404D-06 0.29181D-05
   17   -4 0.15918D-05 0.28473D-05
   17   -3 -.12602D-06 -.84065D-06
   17   -2 -.15224D-05 -.17170D-05
   17   -1 -.33767D-06 -.21353D-05
   17    0 -.25127D-05 0.00000D+00
   17    1 0.33767D-06 -.21353D-05
   17    2 -.15224D-05 0.17170D-05
   17    3 0.12602D-06 -.84065D-06
   17    4 0.15918D-05 -.28473D-05
   17    5 -.26404D-06 0.29181D-05
   17    6 -.20843D-05 -.24173D-06
   17    7 -.58206D-07 0.13207D-05
   17    8 -.30138D-05 -.23214D-05
   17    9 0.30449D-05 -.17092D-05
   17   10 0.26161D-05 -.65332D-06
   17   11 0.41966D-06 0.68071D-05
   17   12 -.50453D-05 -.79379D-05
   17   13 0.11856D-04 0.68067D-05
   17   14 -.15676D-04 0.34470D-05
   17   15 0.80799D-05 -.95573D-05
   17   16 0.93952D-07 0.61583D-05
   17   17 -.28712D-05 0.22756D-05
   18  -18 0.25935D-05 0.19965D-05
   18  -17 0.26607D-05 -.48856D-05
   18  -16 -.30111D-05 -.69593D-05
   18  -15 -.56623D-05 -.43474D-05
   18  -14 -.65694D-05 -.25951D-05
   18  -13 -.74683D-05 0.65342D-06
   18  -12 -.48165D-05 0.31549D-05
   18  -11 -.42717D-05 0.20238D-05
   18  -10 -.18743D-05 0.38900D-05
   18   -9 -.13121D-05 -.62307D-06
   18   -8 -.38762D-05 0.43080D-06
   18   -7 -.16262D-05 -.53650D-06
   18   -6 -.43280D-05 0.97552D-07
   18   -5 -.12058D-05 0.31283D-05
   18   -4 0.65197D-06 -.85421D-07
   18   -3 0.10073D-06 0.21352D-05
   18   -2 0.23649D-05 -.13501D-06
   18   -1 -.91700D-06 -.31992D-05
   18    0 -.69090D-06 0.00000D+00
   18    1 0.91700D-06 -.31992D-05
   18    2 0.23649D-05 0.13501D-06
   18    3 -.10073D-06 0.21352D-05
   18    4 0.65197D-06 0.85421D-07
   18    5 0.12058D-05 0.31283D-05
   18    6 -.43280D-05 -.97552D-07
   18    7 0.16262D-05 -.53650D-06
   18    8 -.38762D-05 -.43080D-06
   18    9 0.13121D-05 -.62307D-06
   18   10 -.18743D-05 -.38900D-05
   18   11 0.42717D-05 0.20238D-05
   18   12 -.48165D-05 -.31549D-05
   18   13 0.74683D-05 0.65342D-06
   18   14 -.65694D-05 0.25951D-05
   18   15 0.56623D-05 -.43474D-05
   18   16 -.30111D-05 0.69593D-05
   18   17 -.26607D-05 -.48856D-05
   18   18 0.25935D-05 -.19965D-05
   19  -19 0.17304D-05 0.11373D-05
   19  -18 0.29539D-05 -.22601D-05
   19  -17 0.64027D-06 -.23861D-05
   19  -16 0.16103D-05 -.21916D-05
   19  -15 -.11725D-06 -.54712D-05
   19  -14 -.34110D-05 -.39132D-05
   19  -13 -.27230D-05 -.16248D-05
   19  -12 -.28252D-05 -.31033D-05
   19  -11 -.34756D-05 0.81746D-07
   19  -10 0.66910D-06 -.63022D-06
   19   -9 -.16870D-05 -.22765D-05
   19   -8 -.44106D-06 0.78287D-06
   19   -7 0.11224D-05 -.26460D-05
   19   -6 -.19169D-05 -.14869D-05
   19   -5 -.27743D-05 -.71342D-06
   19   -4 -.11112D-05 -.23918D-06
   19   -3 -.43493D-06 -.10321D-08
   19   -2 0.15823D-05 -.61124D-06
   19   -1 0.84472D-06 -.16344D-06
   19    0 0.11346D-05 0.00000D+00
   19    1 -.84472D-06 -.16344D-06
   19    2 0.15823D-05 0.61124D-06
   19    3 0.43493D-06 -.10321D-08
   19    4 -.11112D-05 0.23918D-06
   19    5 0.27743D-05 -.71342D-06
   19    6 -.19169D-05 0.14869D-05
   19    7 -.11224D-05 -.26460D-05
   19    8 -.44106D-06 -.78287D-06
   19    9 0.16870D-05 -.22765D-05
   19   10 0.66910D-06 0.63022D-06
   19   11 0.34756D-05 0.81746D-07
   19   12 -.28252D-05 0.31033D-05
   19   13 0.27230D-05 -.16248D-05
   19   14 -.34110D-05 0.39132D-05
   19   15 0.11725D-06 -.54712D-05
   19   16 0.16103D-05 0.21916D-05
   19   17 -.64027D-06 -.23861D-05
   19   18 0.29539D-05 0.22601D-05
   19   19 -.17304D-05 0.11373D-05
   20  -20 0.70907D-06 0.14354D-06
   20  -19 0.17344D-05 0.24393D-06
   20  -18 0.21943D-05 0.13719D-05
   20  -17 0.40083D-05 0.42179D-06
   20  -16 0.34340D-05 -.33010D-05
   20  -15 0.15494D-05 -.39597D-05
   20  -14 0.64256D-07 -.34617D-05
   20  -13 -.10139D-05 -.31463D-05
   20  -12 -.19753D-05 -.25455D-05
   20  -11 -.24072D-05 0.19500D-06
   20  -10 0.24878D-06 -.24128D-06
   20   -9 0.66642D-08 -.13129D-05
   20   -8 0.29092D-06 -.17695D-05
   20   -7 0.12070D-07 -.14581D-05
   20   -6 0.10812D-05 -.16397D-05
   20   -5 -.32022D-06 -.30568D-05
   20   -4 -.10953D-05 -.60390D-07
   20   -3 0.32546D-06 0.13770D-05
   20   -2 0.47824D-06 -.19980D-07
   20   -1 0.10636D-05 0.12757D-05
   20    0 0.24172D-05 0.00000D+00
   20    1 -.10636D-05 0.12757D-05
   20    2 0.47824D-06 0.19980D-07
   20    3 -.32546D-06 0.13770D-05
   20    4 -.10953D-05 0.60390D-07
   20    5 0.32022D-06 -.30568D-05
   20    6 0.10812D-05 0.16397D-05
   20    7 -.12070D-07 -.14581D-05
   20    8 0.29092D-06 0.17695D-05
   20    9 -.66642D-08 -.13129D-05
   20   10 0.24878D-06 0.24128D-06
   20   11 0.24072D-05 0.19500D-06
   20   12 -.19753D-05 0.25455D-05
   20   13 0.10139D-05 -.31463D-05
   20   14 0.64256D-07 0.34617D-05
   20   15 -.15494D-05 -.39597D-05
   20   16 0.34340D-05 0.33010D-05
   20   17 -.40083D-05 0.42179D-06
   20   18 0.21943D-05 -.13719D-05
   20   19 -.17344D-05 0.24393D-06
   20   20 0.70907D-06 -.14354D-06
   21  -21 -.91669D-07 -.52366D-06
   21  -20 0.15796D-06 0.16108D-05
   21  -19 0.19637D-05 0.28978D-05
   21  -18 0.26265D-05 0.17481D-05
   21  -17 0.33557D-05 0.31116D-06
   21  -16 0.40531D-05 -.10013D-05
   21  -15 0.29841D-05 -.19707D-05
   21  -14 0.21101D-05 -.16173D-05
   21  -13 0.22705D-05 -.29051D-05
   21  -12 0.91534D-06 -.26196D-05
   21  -11 0.84677D-06 -.17728D-05
   21  -10 0.12264D-06 -.14616D-05
   21   -9 0.67975D-06 0.53403D-06
   21   -8 0.18855D-05 -.76382D-06
   21   -7 0.38012D-06 -.98757D-06
   21   -6 0.16173D-05 -.68622D-06
   21   -5 0.53181D-06 -.10603D-05
   21   -4 0.35339D-06 -.99019D-06
   21   -3 0.86596D-07 0.23295D-06
   21   -2 0.48763D-07 0.17017D-05
   21   -1 0.11075D-05 0.16958D-05
   21    0 -.16776D-06 0.00000D+00
   21    1 -.11075D-05 0.16958D-05
   21    2 0.48763D-07 -.17017D-05
   21    3 -.86596D-07 0.23295D-06
   21    4 0.35339D-06 0.99019D-06
   21    5 -.53181D-06 -.10603D-05
   21    6 0.16173D-05 0.68622D-06
   21    7 -.38012D-06 -.98757D-06
   21    8 0.18855D-05 0.76382D-06
   21    9 -.67975D-06 0.53403D-06
   21   10 0.12264D-06 0.14616D-05
   21   11 -.84677D-06 -.17728D-05
   21   12 0.91534D-06 0.26196D-05
   21   13 -.22705D-05 -.29051D-05
   21   14 0.21101D-05 0.16173D-05
   21   15 -.29841D-05 -.19707D-05
   21   16 0.40531D-05 0.10013D-05
   21   17 -.33557D-05 0.31116D-06
   21   18 0.26265D-05 -.17481D-05
   21   19 -.19637D-05 0.28978D-05
   21   20 0.15796D-06 -.16108D-05
   21   21 0.91669D-07 -.52366D-06
   22  -22 -.47607D-06 -.65092D-06
   22  -21 -.86662D-06 0.15850D-05
   22  -20 0.77597D-06 0.23275D-05
   22  -19 0.86255D-08 0.15329D-05
   22  -18 0.12002D-05 0.23617D-05
   22  -17 0.30775D-05 0.17678D-05
   22  -16 0.31769D-05 0.85851D-06
   22  -15 0.27996D-05 0.60524D-06
   22  -14 0.23144D-05 -.91211D-06
   22  -13 0.17883D-05 -.55970D-06
   22  -12 0.15991D-05 -.92936D-06
   22  -11 0.55842D-06 -.63773D-06
   22  -10 0.46734D-06 -.36125D-06
   22   -9 0.13752D-05 0.18961D-06
   22   -8 0.16492D-05 -.54198D-07
   22   -7 0.13616D-05 0.69704D-06
   22   -6 0.30508D-05 0.20424D-06
   22   -5 0.76288D-06 -.49638D-06
   22   -4 -.41206D-06 0.52250D-07
   22   -3 -.38392D-06 -.28279D-07
   22   -2 -.14312D-05 0.47272D-07
   22   -1 -.57927D-07 0.11240D-05
   22    0 -.58684D-06 0.00000D+00
   22    1 0.57927D-07 0.11240D-05
   22    2 -.14312D-05 -.47272D-07
   22    3 0.38392D-06 -.28279D-07
   22    4 -.41206D-06 -.52250D-07
   22    5 -.76288D-06 -.49638D-06
   22    6 0.30508D-05 -.20424D-06
   22    7 -.13616D-05 0.69704D-06
   22    8 0.16492D-05 0.54198D-07
   22    9 -.13752D-05 0.18961D-06
   22   10 0.46734D-06 0.36125D-06
   22   11 -.55842D-06 -.63773D-06
   22   12 0.15991D-05 0.92936D-06
   22   13 -.17883D-05 -.55970D-06
   22   14 0.23144D-05 0.91211D-06
   22   15 -.27996D-05 0.60524D-06
   22   16 0.31769D-05 -.85851D-06
   22   17 -.30775D-05 0.17678D-05
   22   18 0.12002D-05 -.23617D-05
   22   19 -.86255D-08 0.15329D-05
   22   20 0.77597D-06 -.23275D-05
   22   21 0.86662D-06 0.15850D-05
   22   22 -.47607D-06 0.65092D-06
   23  -23 -.46173D-06 -.34392D-06
   23  -22 -.10062D-05 0.60437D-06
   23  -21 -.47520D-06 0.75254D-06
   23  -20 -.17245D-05 0.53895D-06
   23  -19 -.96309D-06 0.20719D-05
   23  -18 0.36282D-06 0.25450D-05
   23  -17 0.11638D-05 0.26779D-05
   23  -16 0.15864D-05 0.24435D-05
   23  -15 0.16245D-05 0.13697D-05
   23  -14 0.21901D-05 0.12090D-05
   23  -13 0.25649D-05 0.67928D-06
   23  -12 0.15825D-05 -.27663D-07
   23  -11 0.10199D-05 -.97803D-07
   23  -10 -.55353D-06 0.56627D-06
   23   -9 0.11620D-05 0.21816D-05
   23   -8 0.65051D-06 0.63032D-08
   23   -7 -.39670D-06 0.18298D-05
   23   -6 0.12815D-05 0.13274D-05
   23   -5 0.15154D-05 -.11090D-07
   23   -4 0.45095D-07 0.53335D-07
   23   -3 0.19636D-07 0.56041D-06
   23   -2 -.13328D-05 -.10312D-06
   23   -1 -.13003D-05 -.39372D-06
   23    0 -.22461D-06 0.00000D+00
   23    1 0.13003D-05 -.39372D-06
   23    2 -.13328D-05 0.10312D-06
   23    3 -.19636D-07 0.56041D-06
   23    4 0.45095D-07 -.53335D-07
   23    5 -.15154D-05 -.11090D-07
   23    6 0.12815D-05 -.13274D-05
   23    7 0.39670D-06 0.18298D-05
   23    8 0.65051D-06 -.63032D-08
   23    9 -.11620D-05 0.21816D-05
   23   10 -.55353D-06 -.56627D-06
   23   11 -.10199D-05 -.97803D-07
   23   12 0.15825D-05 0.27663D-07
   23   13 -.25649D-05 0.67928D-06
   23   14 0.21901D-05 -.12090D-05
   23   15 -.16245D-05 0.13697D-05
   23   16 0.15864D-05 -.24435D-05
   23   17 -.11638D-05 0.26779D-05
   23   18 0.36282D-06 -.25450D-05
   23   19 0.96309D-06 0.20719D-05
   23   20 -.17245D-05 -.53895D-06
   23   21 0.47520D-06 0.75254D-06
   23   22 -.10062D-05 -.60437D-06
   23   23 0.46173D-06 -.34392D-06
   24  -24 -.21621D-06 0.91217D-07
   24  -23 -.47440D-06 -.54633D-06
   24  -22 -.11636D-05 -.63351D-06
   24  -21 -.18062D-05 -.29993D-06
   24  -20 -.19099D-05 0.41577D-06
   24  -19 -.17572D-05 0.15034D-05
   24  -18 -.10497D-05 0.22372D-05
   24  -17 -.69760D-06 0.23941D-05
   24  -16 -.33963D-06 0.23460D-05
   24  -15 0.42140D-06 0.15246D-05
   24  -14 0.17717D-06 0.20297D-05
   24  -13 0.53565D-06 0.14432D-05
   24  -12 0.50824D-06 0.10942D-05
   24  -11 0.10218D-05 0.28729D-07
   24  -10 -.24631D-06 0.31039D-06
   24   -9 -.13783D-06 0.12228D-05
   24   -8 -.35351D-06 0.13448D-05
   24   -7 -.10524D-06 0.15010D-05
   24   -6 -.49130D-06 0.52912D-06
   24   -5 -.30517D-06 0.13696D-05
   24   -4 0.12241D-06 0.13801D-06
   24   -3 -.76541D-07 -.14224D-05
   24   -2 -.59608D-06 -.62490D-06
   24   -1 -.22038D-06 -.51731D-06
   24    0 -.56924D-06 0.00000D+00
   24    1 0.22038D-06 -.51731D-06
   24    2 -.59608D-06 0.62490D-06
   24    3 0.76541D-07 -.14224D-05
   24    4 0.12241D-06 -.13801D-06
   24    5 0.30517D-06 0.13696D-05
   24    6 -.49130D-06 -.52912D-06
   24    7 0.10524D-06 0.15010D-05
   24    8 -.35351D-06 -.13448D-05
   24    9 0.13783D-06 0.12228D-05
   24   10 -.24631D-06 -.31039D-06
   24   11 -.10218D-05 0.28729D-07
   24   12 0.50824D-06 -.10942D-05
   24   13 -.53565D-06 0.14432D-05
   24   14 0.17717D-06 -.20297D-05
   24   15 -.42140D-06 0.15246D-05
   24   16 -.33963D-06 -.23460D-05
   24   17 0.69760D-06 0.23941D-05
   24   18 -.10497D-05 -.22372D-05
   24   19 0.17572D-05 0.15034D-05
   24   20 -.19099D-05 -.41577D-06
   24   21 0.18062D-05 -.29993D-06
   24   22 -.11636D-05 0.63351D-06
   24   23 0.47440D-06 -.54633D-06
   24   24 -.21621D-06 -.91217D-07
   25  -25 0.53139D-07 0.35434D-06
   25  -24 0.23132D-06 -.11780D-05
   25  -23 -.10906D-05 -.11483D-05
   25  -22 -.73280D-06 -.50801D-06
   25  -21 -.15629D-05 -.10924D-05
   25  -20 -.21227D-05 -.98946D-07
   25  -19 -.18659D-05 0.40406D-06
   25  -18 -.21983D-05 0.74151D-06
   25  -17 -.21181D-05 0.17825D-05
   25  -16 -.10655D-05 0.96549D-06
   25  -15 -.12158D-05 0.18375D-05
   25  -14 -.56316D-06 0.16069D-05
   25  -13 -.81799D-06 0.12499D-05
   25  -12 -.14406D-06 0.14219D-05
   25  -11 -.11354D-07 0.45280D-06
   25  -10 -.10935D-05 0.10676D-05
   25   -9 -.72336D-06 0.33064D-07
   25   -8 -.15397D-05 0.22994D-06
   25   -7 -.38902D-06 0.46072D-06
   25   -6 -.87766D-06 0.16632D-06
   25   -5 -.32336D-07 0.51838D-06
   25   -4 -.54428D-07 0.12958D-06
   25   -3 -.21366D-07 -.33065D-06
   25   -2 0.32564D-06 -.86399D-06
   25   -1 -.31270D-06 -.92294D-06
   25    0 -.29629D-06 0.00000D+00
   25    1 0.31270D-06 -.92294D-06
   25    2 0.32564D-06 0.86399D-06
   25    3 0.21366D-07 -.33065D-06
   25    4 -.54428D-07 -.12958D-06
   25    5 0.32336D-07 0.51838D-06
   25    6 -.87766D-06 -.16632D-06
   25    7 0.38902D-06 0.46072D-06
   25    8 -.15397D-05 -.22994D-06
   25    9 0.72336D-06 0.33064D-07
   25   10 -.10935D-05 -.10676D-05
   25   11 0.11354D-07 0.45280D-06
   25   12 -.14406D-06 -.14219D-05
   25   13 0.81799D-06 0.12499D-05
   25   14 -.56316D-06 -.16069D-05
   25   15 0.12158D-05 0.18375D-05
   25   16 -.10655D-05 -.96549D-06
   25   17 0.21181D-05 0.17825D-05
   25   18 -.21983D-05 -.74151D-06
   25   19 0.18659D-05 0.40406D-06
   25   20 -.21227D-05 0.98946D-07
   25   21 0.15629D-05 -.10924D-05
   25   22 -.73280D-06 0.50801D-06
   25   23 0.10906D-05 -.11483D-05
   25   24 0.23132D-06 0.11780D-05
   25   25 -.53139D-07 0.35434D-06
   26  -26 0.19874D-06 0.31598D-06
   26  -25 0.65042D-06 -.10194D-05
   26  -24 -.46331D-06 -.78994D-06
   26  -23 0.48396D-06 -.16914D-06
   26  -22 -.58971D-06 -.15109D-05
   26  -21 -.10325D-05 -.10572D-05
   26  -20 -.11352D-05 -.12594D-05
   26  -19 -.18719D-05 -.10414D-05
   26  -18 -.24111D-05 0.37567D-07
   26  -17 -.17667D-05 -.25699D-06
   26  -16 -.16474D-05 0.34765D-06
   26  -15 -.17605D-05 0.37214D-06
   26  -14 -.17763D-05 0.44378D-06
   26  -13 -.90634D-06 0.56313D-06
   26  -12 -.85131D-07 0.59423D-06
   26  -11 -.23569D-06 -.17667D-06
   26  -10 -.10792D-05 -.40004D-06
   26   -9 -.11553D-05 -.30081D-06
   26   -8 -.81316D-06 -.19313D-06
   26   -7 -.80459D-06 -.69169D-06
   26   -6 -.17361D-05 0.19392D-06
   26   -5 0.84147D-07 -.43801D-06
   26   -4 0.23796D-06 -.58811D-06
   26   -3 0.51218D-06 0.58090D-06
   26   -2 0.15378D-05 0.49277D-06
   26   -1 -.37805D-06 -.66979D-06
   26    0 -.20076D-06 0.00000D+00
   26    1 0.37805D-06 -.66979D-06
   26    2 0.15378D-05 -.49277D-06
   26    3 -.51218D-06 0.58090D-06
   26    4 0.23796D-06 0.58811D-06
   26    5 -.84147D-07 -.43801D-06
   26    6 -.17361D-05 -.19392D-06
   26    7 0.80459D-06 -.69169D-06
   26    8 -.81316D-06 0.19313D-06
   26    9 0.11553D-05 -.30081D-06
   26   10 -.10792D-05 0.40004D-06
   26   11 0.23569D-06 -.17667D-06
   26   12 -.85131D-07 -.59423D-06
   26   13 0.90634D-06 0.56313D-06
   26   14 -.17763D-05 -.44378D-06
   26   15 0.17605D-05 0.37214D-06
   26   16 -.16474D-05 -.34765D-06
   26   17 0.17667D-05 -.25699D-06
   26   18 -.24111D-05 -.37567D-07
   26   19 0.18719D-05 -.10414D-05
   26   20 -.11352D-05 0.12594D-05
   26   21 0.10325D-05 -.10572D-05
   26   22 -.58971D-06 0.15109D-05
   26   23 -.48396D-06 -.16914D-06
   26   24 -.46331D-06 0.78994D-06
   26   25 -.65042D-06 -.10194D-05
   26   26 0.19874D-06 -.31598D-06
   27  -27 0.18053D-06 0.55980D-07
   27  -26 0.58075D-06 -.28376D-06
   27  -25 0.28219D-06 -.22260D-07
   27  -24 0.10695D-05 0.32087D-06
   27  -23 0.24892D-06 -.85127D-06
   27  -22 0.35274D-06 -.99795D-06
   27  -21 0.26564D-06 -.16965D-05
   27  -20 -.28448D-06 -.17569D-05
   27  -19 -.11346D-05 -.13488D-05
   27  -18 -.12810D-05 -.12991D-05
   27  -17 -.10173D-05 -.10017D-05
   27  -16 -.14169D-05 -.94664D-06
   27  -15 -.14417D-05 -.76906D-06
   27  -14 -.10879D-05 -.52740D-06
   27  -13 -.12983D-05 -.97617D-07
   27  -12 -.92139D-06 0.32824D-06
   27  -11 -.86656D-06 -.71011D-06
   27  -10 0.44553D-06 -.74685D-06
   27   -9 -.15033D-06 -.17521D-05
   27   -8 -.54537D-06 -.32007D-06
   27   -7 0.39431D-06 -.57819D-06
   27   -6 -.60993D-07 -.95155D-06
   27   -5 -.72777D-06 -.71729D-06
   27   -4 -.12851D-06 0.79024D-06
   27   -3 0.30630D-06 0.39017D-06
   27   -2 0.44168D-06 -.35032D-06
   27   -1 0.57089D-06 0.16219D-06
   27    0 0.55994D-06 0.00000D+00
   27    1 -.57089D-06 0.16219D-06
   27    2 0.44168D-06 0.35032D-06
   27    3 -.30630D-06 0.39017D-06
   27    4 -.12851D-06 -.79024D-06
   27    5 0.72777D-06 -.71729D-06
   27    6 -.60993D-07 0.95155D-06
   27    7 -.39431D-06 -.57819D-06
   27    8 -.54537D-06 0.32007D-06
   27    9 0.15033D-06 -.17521D-05
   27   10 0.44553D-06 0.74685D-06
   27   11 0.86656D-06 -.71011D-06
   27   12 -.92139D-06 -.32824D-06
   27   13 0.12983D-05 -.97617D-07
   27   14 -.10879D-05 0.52740D-06
   27   15 0.14417D-05 -.76906D-06
   27   16 -.14169D-05 0.94664D-06
   27   17 0.10173D-05 -.10017D-05
   27   18 -.12810D-05 0.12991D-05
   27   19 0.11346D-05 -.13488D-05
   27   20 -.28448D-06 0.17569D-05
   27   21 -.26564D-06 -.16965D-05
   27   22 0.35274D-06 0.99795D-06
   27   23 -.24892D-06 -.85127D-06
   27   24 0.10695D-05 -.32087D-06
   27   25 -.28219D-06 -.22260D-07
   27   26 0.58075D-06 0.28376D-06
   27   27 -.18053D-06 0.55980D-07
   28  -28 0.52296D-07 -.22279D-06
   28  -27 0.12453D-06 0.52441D-06
   28  -26 0.72728D-06 0.60549D-06
   28  -25 0.85394D-06 0.61073D-06
   28  -24 0.53527D-06 0.22114D-06
   28  -23 0.10425D-05 -.28407D-06
   28  -22 0.12592D-05 -.95503D-06
   28  -21 0.13254D-05 -.11042D-05
   28  -20 0.55729D-06 -.14627D-05
   28  -19 0.25684D-07 -.13036D-05
   28  -18 0.27114D-06 -.16972D-05
   28  -17 -.23792D-06 -.14692D-05
   28  -16 -.19189D-06 -.15514D-05
   28  -15 -.37643D-06 -.10279D-05
   28  -14 -.18827D-06 -.97824D-06
   28  -13 -.53105D-06 -.77441D-06
   28  -12 -.39344D-07 -.86417D-06
   28  -11 -.63784D-08 -.65301D-06
   28  -10 0.82936D-06 -.81665D-07
   28   -9 0.22253D-06 -.82554D-06
   28   -8 0.33910D-07 -.65501D-06
   28   -7 0.48151D-06 -.82202D-06
   28   -6 0.10156D-05 -.67418D-06
   28   -5 -.68142D-07 -.64009D-06
   28   -4 -.17563D-06 0.66470D-06
   28   -3 -.16739D-06 0.67614D-06
   28   -2 0.12508D-06 0.17711D-06
   28   -1 0.71876D-06 0.64740D-06
   28    0 0.39614D-06 0.00000D+00
   28    1 -.71876D-06 0.64740D-06
   28    2 0.12508D-06 -.17711D-06
   28    3 0.16739D-06 0.67614D-06
   28    4 -.17563D-06 -.66470D-06
   28    5 0.68142D-07 -.64009D-06
   28    6 0.10156D-05 0.67418D-06
   28    7 -.48151D-06 -.82202D-06
   28    8 0.33910D-07 0.65501D-06
   28    9 -.22253D-06 -.82554D-06
   28   10 0.82936D-06 0.81665D-07
   28   11 0.63784D-08 -.65301D-06
   28   12 -.39344D-07 0.86417D-06
   28   13 0.53105D-06 -.77441D-06
   28   14 -.18827D-06 0.97824D-06
   28   15 0.37643D-06 -.10279D-05
   28   16 -.19189D-06 0.15514D-05
   28   17 0.23792D-06 -.14692D-05
   28   18 0.27114D-06 0.16972D-05
   28   19 -.25684D-07 -.13036D-05
   28   20 0.55729D-06 0.14627D-05
   28   21 -.13254D-05 -.11042D-05
   28   22 0.12592D-05 0.95503D-06
   28   23 -.10425D-05 -.28407D-06
   28   24 0.53527D-06 -.22114D-06
   28   25 -.85394D-06 0.61073D-06
   28   26 0.72728D-06 -.60549D-06
   28   27 -.12453D-06 0.52441D-06
   28   28 0.52296D-07 0.22279D-06
   29  -29 -.91964D-07 -.33645D-06
   29  -28 -.42376D-06 0.92957D-06
   29  -27 0.67562D-06 0.76945D-06
   29  -26 0.18758D-06 0.58203D-06
   29  -25 0.29143D-06 0.96351D-06
   29  -24 0.77595D-06 0.41279D-06
   29  -23 0.13141D-05 0.14773D-06
   29  -22 0.18573D-05 0.17553D-06
   29  -21 0.15173D-05 -.41782D-06
   29  -20 0.10127D-05 -.42472D-06
   29  -19 0.13994D-05 -.11983D-05
   29  -18 0.96853D-06 -.10704D-05
   29  -17 0.10095D-05 -.11796D-05
   29  -16 0.64185D-06 -.94290D-06
   29  -15 0.71178D-06 -.10305D-05
   29  -14 -.15187D-07 -.13089D-05
   29  -13 -.21771D-07 -.78932D-06
   29  -12 0.62518D-06 -.80192D-06
   29  -11 0.64024D-06 0.19541D-06
   29  -10 0.13364D-05 -.47672D-06
   29   -9 0.31321D-06 -.25247D-06
   29   -8 0.10318D-05 0.82257D-07
   29   -7 0.84627D-06 -.21097D-06
   29   -6 0.28062D-06 0.33655D-06
   29   -5 -.31658D-06 0.79525D-07
   29   -4 0.95062D-07 -.72175D-06
   29   -3 -.27193D-06 -.25066D-06
   29   -2 0.11537D-07 0.11517D-05
   29   -1 0.54631D-06 0.78990D-06
   29    0 -.58387D-06 0.00000D+00
   29    1 -.54631D-06 0.78990D-06
   29    2 0.11537D-07 -.11517D-05
   29    3 0.27193D-06 -.25066D-06
   29    4 0.95062D-07 0.72175D-06
   29    5 0.31658D-06 0.79525D-07
   29    6 0.28062D-06 -.33655D-06
   29    7 -.84627D-06 -.21097D-06
   29    8 0.10318D-05 -.82257D-07
   29    9 -.31321D-06 -.25247D-06
   29   10 0.13364D-05 0.47672D-06
   29   11 -.64024D-06 0.19541D-06
   29   12 0.62518D-06 0.80192D-06
   29   13 0.21771D-07 -.78932D-06
   29   14 -.15187D-07 0.13089D-05
   29   15 -.71178D-06 -.10305D-05
   29   16 0.64185D-06 0.94290D-06
   29   17 -.10095D-05 -.11796D-05
   29   18 0.96853D-06 0.10704D-05
   29   19 -.13994D-05 -.11983D-05
   29   20 0.10127D-05 0.42472D-06
   29   21 -.15173D-05 -.41782D-06
   29   22 0.18573D-05 -.17553D-06
   29   23 -.13141D-05 0.14773D-06
   29   24 0.77595D-06 -.41279D-06
   29   25 -.29143D-06 0.96351D-06
   29   26 0.18758D-06 -.58203D-06
   29   27 -.67562D-06 0.76945D-06
   29   28 -.42376D-06 -.92957D-06
   29   29 0.91964D-07 -.33645D-06
   30  -30 -.17641D-06 -.22821D-06
   30  -29 -.76445D-06 0.74800D-06
   30  -28 0.22220D-06 0.48149D-06
   30  -27 -.41342D-06 0.34376D-06
   30  -26 -.19492D-06 0.10198D-05
   30  -25 -.29429D-07 0.67486D-06
   30  -24 0.59911D-06 0.78526D-06
   30  -23 0.11762D-05 0.11644D-05
   30  -22 0.12831D-05 0.87343D-06
   30  -21 0.11337D-05 0.73105D-06
   30  -20 0.15017D-05 -.10635D-07
   30  -19 0.15087D-05 0.18401D-07
   30  -18 0.14624D-05 -.11692D-06
   30  -17 0.11392D-05 -.86655D-07
   30  -16 0.11377D-05 -.18437D-06
   30  -15 0.10062D-05 -.49043D-06
   30  -14 0.10262D-05 -.54663D-06
   30  -13 0.87918D-06 -.15761D-06
   30  -12 0.65591D-06 0.38745D-06
   30  -11 -.61404D-07 0.58148D-06
   30  -10 0.60730D-06 0.30162D-06
   30   -9 0.94521D-06 0.16774D-06
   30   -8 0.72238D-06 0.52693D-07
   30   -7 0.11936D-06 0.10907D-05
   30   -6 0.12566D-05 0.24385D-06
   30   -5 0.12339D-06 -.54471D-06
   30   -4 -.50336D-06 -.15037D-06
   30   -3 -.25921D-06 0.34304D-06
   30   -2 -.96487D-06 -.13308D-07
   30   -1 -.44940D-06 0.29106D-07
   30    0 -.10287D-06 0.00000D+00
   30    1 0.44940D-06 0.29106D-07
   30    2 -.96487D-06 0.13308D-07
   30    3 0.25921D-06 0.34304D-06
   30    4 -.50336D-06 0.15037D-06
   30    5 -.12339D-06 -.54471D-06
   30    6 0.12566D-05 -.24385D-06
   30    7 -.11936D-06 0.10907D-05
   30    8 0.72238D-06 -.52693D-07
   30    9 -.94521D-06 0.16774D-06
   30   10 0.60730D-06 -.30162D-06
   30   11 0.61404D-07 0.58148D-06
   30   12 0.65591D-06 -.38745D-06
   30   13 -.87918D-06 -.15761D-06
   30   14 0.10262D-05 0.54663D-06
   30   15 -.10062D-05 -.49043D-06
   30   16 0.11377D-05 0.18437D-06
   30   17 -.11392D-05 -.86655D-07
   30   18 0.14624D-05 0.11692D-06
   30   19 -.15087D-05 0.18401D-07
   30   20 0.15017D-05 0.10635D-07
   30   21 -.11337D-05 0.73105D-06
   30   22 0.12831D-05 -.87343D-06
   30   23 -.11762D-05 0.11644D-05
   30   24 0.59911D-06 -.78526D-06
   30   25 0.29429D-07 0.67486D-06
   30   26 -.19492D-06 -.10198D-05
   30   27 0.41342D-06 0.34376D-06
   30   28 0.22220D-06 -.48149D-06
   30   29 0.76445D-06 0.74800D-06
   30   30 -.17641D-06 0.22821D-06
   31  -31 -.17617D-06 0.14976D-07
   31  -30 -.74977D-06 0.15714D-06
   31  -29 -.33514D-06 -.21745D-08
   31  -28 -.60815D-06 0.93502D-07
   31  -27 -.60292D-06 0.52568D-06
   31  -26 -.71524D-06 0.47892D-06
   31  -25 -.29160D-06 0.63274D-06
   31  -24 -.35789D-07 0.12321D-05
   31  -23 0.27368D-06 0.14519D-05
   31  -22 0.34324D-06 0.12771D-05
   31  -21 0.61629D-06 0.99208D-06
   31  -20 0.90868D-06 0.82319D-06
   31  -19 0.99895D-06 0.10868D-05
   31  -18 0.91633D-06 0.79729D-06
   31  -17 0.77856D-06 0.65851D-06
   31  -16 0.10941D-05 0.35837D-06
   31  -15 0.12053D-05 0.13727D-06
   31  -14 0.66177D-06 0.33990D-06
   31  -13 0.75887D-06 0.83868D-06
   31  -12 0.21932D-06 -.56706D-07
   31  -11 0.24237D-06 0.25932D-06
   31  -10 0.14233D-06 0.51019D-06
   31   -9 0.45330D-06 0.12105D-05
   31   -8 -.24915D-06 0.42293D-06
   31   -7 -.67631D-06 0.86310D-06
   31   -6 0.44140D-06 0.55518D-07
   31   -5 0.66451D-06 -.33728D-06
   31   -4 0.57126D-08 -.81216D-07
   31   -3 -.94230D-07 0.25771D-06
   31   -2 -.78097D-06 -.35020D-06
   31   -1 -.63878D-06 -.46482D-06
   31    0 0.47282D-06 0.00000D+00
   31    1 0.63878D-06 -.46482D-06
   31    2 -.78097D-06 0.35020D-06
   31    3 0.94230D-07 0.25771D-06
   31    4 0.57126D-08 0.81216D-07
   31    5 -.66451D-06 -.33728D-06
   31    6 0.44140D-06 -.55518D-07
   31    7 0.67631D-06 0.86310D-06
   31    8 -.24915D-06 -.42293D-06
   31    9 -.45330D-06 0.12105D-05
   31   10 0.14233D-06 -.51019D-06
   31   11 -.24237D-06 0.25932D-06
   31   12 0.21932D-06 0.56706D-07
   31   13 -.75887D-06 0.83868D-06
   31   14 0.66177D-06 -.33990D-06
   31   15 -.12053D-05 0.13727D-06
   31   16 0.10941D-05 -.35837D-06
   31   17 -.77856D-06 0.65851D-06
   31   18 0.91633D-06 -.79729D-06
   31   19 -.99895D-06 0.10868D-05
   31   20 0.90868D-06 -.82319D-06
   31   21 -.61629D-06 0.99208D-06
   31   22 0.34324D-06 -.12771D-05
   31   23 -.27368D-06 0.14519D-05
   31   24 -.35789D-07 -.12321D-05
   31   25 0.29160D-06 0.63274D-06
   31   26 -.71524D-06 -.47892D-06
   31   27 0.60292D-06 0.52568D-06
   31   28 -.60815D-06 -.93502D-07
   31   29 0.33514D-06 -.21745D-08
   31   30 -.74977D-06 -.15714D-06
   31   31 0.17617D-06 0.14976D-07
   32  -32 -.11498D-06 0.23334D-06
   32  -31 -.43886D-06 -.44638D-06
   32  -30 -.68135D-06 -.37602D-06
   32  -29 -.38543D-06 -.25284D-07
   32  -28 -.74303D-06 -.90474D-07
   32  -27 -.86311D-06 0.94613D-07
   32  -26 -.83519D-06 -.28300D-07
   32  -25 -.91734D-06 0.55137D-06
   32  -24 -.71099D-06 0.10554D-05
   32  -23 -.68314D-06 0.10420D-05
   32  -22 -.60102D-06 0.12400D-05
   32  -21 -.11545D-06 0.93999D-06
   32  -20 -.10866D-06 0.15677D-05
   32  -19 0.11116D-06 0.12939D-05
   32  -18 -.97302D-07 0.10256D-05
   32  -17 0.30115D-06 0.87973D-06
   32  -16 0.48181D-06 0.11188D-05
   32  -15 0.37282D-06 0.10077D-05
   32  -14 -.11315D-06 0.99604D-06
   32  -13 -.15552D-06 0.59003D-06
   32  -12 -.22877D-06 -.49852D-07
   32  -11 -.73674D-07 0.55952D-06
   32  -10 -.11339D-06 0.46287D-06
   32   -9 -.44193D-06 0.32837D-06
   32   -8 -.72066D-06 0.40817D-06
   32   -7 0.18599D-06 0.38659D-06
   32   -6 -.26792D-06 -.96222D-07
   32   -5 -.22471D-06 0.87407D-06
   32   -4 0.24229D-07 0.54719D-07
   32   -3 0.68478D-07 -.13133D-05
   32   -2 -.16178D-06 -.44159D-06
   32   -1 0.10018D-06 -.11709D-06
   32    0 0.55925D-07 0.00000D+00
   32    1 -.10018D-06 -.11709D-06
   32    2 -.16178D-06 0.44159D-06
   32    3 -.68478D-07 -.13133D-05
   32    4 0.24229D-07 -.54719D-07
   32    5 0.22471D-06 0.87407D-06
   32    6 -.26792D-06 0.96222D-07
   32    7 -.18599D-06 0.38659D-06
   32    8 -.72066D-06 -.40817D-06
   32    9 0.44193D-06 0.32837D-06
   32   10 -.11339D-06 -.46287D-06
   32   11 0.73674D-07 0.55952D-06
   32   12 -.22877D-06 0.49852D-07
   32   13 0.15552D-06 0.59003D-06
   32   14 -.11315D-06 -.99604D-06
   32   15 -.37282D-06 0.10077D-05
   32   16 0.48181D-06 -.11188D-05
   32   17 -.30115D-06 0.87973D-06
   32   18 -.97302D-07 -.10256D-05
   32   19 -.11116D-06 0.12939D-05
   32   20 -.10866D-06 -.15677D-05
   32   21 0.11545D-06 0.93999D-06
   32   22 -.60102D-06 -.12400D-05
   32   23 0.68314D-06 0.10420D-05
   32   24 -.71099D-06 -.10554D-05
   32   25 0.91734D-06 0.55137D-06
   32   26 -.83519D-06 0.28300D-07
   32   27 0.86311D-06 0.94613D-07
   32   28 -.74303D-06 0.90474D-07
   32   29 0.38543D-06 -.25284D-07
   32   30 -.68135D-06 0.37602D-06
   32   31 0.43886D-06 -.44638D-06
   32   32 -.11498D-06 -.23334D-06
   33  -33 -.38538D-07 0.29959D-06
   33  -32 -.37826D-07 -.69812D-06
   33  -31 -.65684D-06 -.45855D-06
   33  -30 0.12241D-07 0.12094D-07
   33  -29 -.60314D-06 -.42542D-06
   33  -28 -.47426D-06 -.17706D-06
   33  -27 -.85002D-06 -.65229D-06
   33  -26 -.99622D-06 -.31481D-06
   33  -25 -.98896D-06 0.84387D-07
   33  -24 -.11759D-05 0.14210D-06
   33  -23 -.13516D-05 0.62692D-06
   33  -22 -.92818D-06 0.25655D-06
   33  -21 -.10007D-05 0.94127D-06
   33  -20 -.97003D-06 0.88021D-06
   33  -19 -.92064D-06 0.81343D-06
   33  -18 -.45125D-06 0.63936D-06
   33  -17 -.45961D-06 0.10531D-05
   33  -16 -.38008D-06 0.11359D-05
   33  -15 -.66324D-06 0.53669D-06
   33  -14 -.40787D-06 0.52746D-06
   33  -13 0.24883D-06 -.11405D-06
   33  -12 -.36395D-06 0.33778D-06
   33  -11 -.23501D-06 0.44953D-06
   33  -10 -.10398D-05 0.15004D-06
   33   -9 -.60982D-06 -.35128D-06
   33   -8 -.40956D-06 -.44746D-06
   33   -7 -.12197D-06 0.29635D-07
   33   -6 -.51984D-06 0.25756D-06
   33   -5 0.43557D-06 0.15379D-06
   33   -4 0.14069D-06 -.27759D-06
   33   -3 0.21442D-06 -.25353D-07
   33   -2 0.53731D-06 -.17402D-06
   33   -1 -.34665D-06 -.50054D-06
   33    0 -.29529D-06 0.00000D+00
   33    1 0.34665D-06 -.50054D-06
   33    2 0.53731D-06 0.17402D-06
   33    3 -.21442D-06 -.25353D-07
   33    4 0.14069D-06 0.27759D-06
   33    5 -.43557D-06 0.15379D-06
   33    6 -.51984D-06 -.25756D-06
   33    7 0.12197D-06 0.29635D-07
   33    8 -.40956D-06 0.44746D-06
   33    9 0.60982D-06 -.35128D-06
   33   10 -.10398D-05 -.15004D-06
   33   11 0.23501D-06 0.44953D-06
   33   12 -.36395D-06 -.33778D-06
   33   13 -.24883D-06 -.11405D-06
   33   14 -.40787D-06 -.52746D-06
   33   15 0.66324D-06 0.53669D-06
   33   16 -.38008D-06 -.11359D-05
   33   17 0.45961D-06 0.10531D-05
   33   18 -.45125D-06 -.63936D-06
   33   19 0.92064D-06 0.81343D-06
   33   20 -.97003D-06 -.88021D-06
   33   21 0.10007D-05 0.94127D-06
   33   22 -.92818D-06 -.25655D-06
   33   23 0.13516D-05 0.62692D-06
   33   24 -.11759D-05 -.14210D-06
   33   25 0.98896D-06 0.84387D-07
   33   26 -.99622D-06 0.31481D-06
   33   27 0.85002D-06 -.65229D-06
   33   28 -.47426D-06 0.17706D-06
   33   29 0.60314D-06 -.42542D-06
   33   30 0.12241D-07 -.12094D-07
   33   31 0.65684D-06 -.45855D-06
   33   32 -.37826D-07 0.69812D-06
   33   33 0.38538D-07 0.29959D-06
   34  -34 0.16093D-07 0.19260D-06
   34  -33 0.22930D-06 -.47405D-06
   34  -32 -.32579D-06 -.26154D-06
   34  -31 0.28837D-06 0.13207D-06
   34  -30 -.30619D-06 -.33207D-06
   34  -29 0.11461D-06 -.19287D-06
   34  -28 -.49593D-06 -.82793D-06
   34  -27 -.44817D-06 -.80667D-06
   34  -26 -.50383D-06 -.71792D-06
   34  -25 -.83385D-06 -.66435D-06
   34  -24 -.13269D-05 -.28848D-06
   34  -23 -.10363D-05 -.42032D-06
   34  -22 -.10209D-05 -.13747D-06
   34  -21 -.13793D-05 -.27661D-07
   34  -20 -.12900D-05 0.14404D-06
   34  -19 -.74939D-06 0.18825D-07
   34  -18 -.97661D-06 0.30027D-06
   34  -17 -.11977D-05 0.58305D-06
   34  -16 -.11328D-05 0.10290D-06
   34  -15 -.69412D-06 -.15170D-06
   34  -14 -.35177D-06 -.20788D-07
   34  -13 -.36657D-06 0.15195D-06
   34  -12 -.57780D-06 0.13344D-06
   34  -11 -.83955D-07 -.64611D-06
   34  -10 -.45399D-06 -.80908D-06
   34   -9 -.19693D-06 -.51160D-06
   34   -8 0.25034D-09 0.45688D-07
   34   -7 -.39034D-06 -.34885D-06
   34   -6 -.97902D-06 0.19105D-06
   34   -5 0.34015D-06 -.42622D-06
   34   -4 0.31859D-06 -.14695D-06
   34   -3 0.31964D-06 0.59654D-06
   34   -2 0.84696D-06 0.31411D-06
   34   -1 -.39163D-06 -.29798D-06
   34    0 0.16012D-06 0.00000D+00
   34    1 0.39163D-06 -.29798D-06
   34    2 0.84696D-06 -.31411D-06
   34    3 -.31964D-06 0.59654D-06
   34    4 0.31859D-06 0.14695D-06
   34    5 -.34015D-06 -.42622D-06
   34    6 -.97902D-06 -.19105D-06
   34    7 0.39034D-06 -.34885D-06
   34    8 0.25034D-09 -.45688D-07
   34    9 0.19693D-06 -.51160D-06
   34   10 -.45399D-06 0.80908D-06
   34   11 0.83955D-07 -.64611D-06
   34   12 -.57780D-06 -.13344D-06
   34   13 0.36657D-06 0.15195D-06
   34   14 -.35177D-06 0.20788D-07
   34   15 0.69412D-06 -.15170D-06
   34   16 -.11328D-05 -.10290D-06
   34   17 0.11977D-05 0.58305D-06
   34   18 -.97661D-06 -.30027D-06
   34   19 0.74939D-06 0.18825D-07
   34   20 -.12900D-05 -.14404D-06
   34   21 0.13793D-05 -.27661D-07
   34   22 -.10209D-05 0.13747D-06
   34   23 0.10363D-05 -.42032D-06
   34   24 -.13269D-05 0.28848D-06
   34   25 0.83385D-06 -.66435D-06
   34   26 -.50383D-06 0.71792D-06
   34   27 0.44817D-06 -.80667D-06
   34   28 -.49593D-06 0.82793D-06
   34   29 -.11461D-06 -.19287D-06
   34   30 -.30619D-06 0.33207D-06
   34   31 -.28837D-06 0.13207D-06
   34   32 -.32579D-06 0.26154D-06
   34   33 -.22930D-06 -.47405D-06
   34   34 0.16093D-07 -.19260D-06
   35  -35 0.36691D-07 -.10146D-08
   35  -34 0.24283D-06 0.59586D-07
   35  -33 0.87128D-07 0.57562D-07
   35  -32 0.27821D-06 0.23390D-06
   35  -31 -.19560D-07 0.50055D-07
   35  -30 0.51685D-06 0.13272D-08
   35  -29 -.77736D-07 -.49541D-06
   35  -28 0.23351D-06 -.73630D-06
   35  -27 0.29710D-06 -.88562D-06
   35  -26 0.78859D-07 -.87615D-06
   35  -25 -.56940D-06 -.91660D-06
   35  -24 -.48876D-06 -.87689D-06
   35  -23 -.18236D-06 -.98739D-06
   35  -22 -.92292D-06 -.98558D-06
   35  -21 -.99700D-06 -.83380D-06
   35  -20 -.57046D-06 -.67775D-06
   35  -19 -.69303D-06 -.57627D-06
   35  -18 -.11840D-05 -.30067D-06
   35  -17 -.92664D-06 -.70102D-06
   35  -16 -.44779D-06 -.71243D-06
   35  -15 -.19969D-06 -.29119D-06
   35  -14 -.10902D-06 0.30953D-07
   35  -13 -.61694D-06 -.23085D-06
   35  -12 -.34073D-06 -.20210D-06
   35  -11 0.26852D-08 -.71620D-06
   35  -10 0.51815D-06 -.33245D-06
   35   -9 0.32858D-06 -.76190D-06
   35   -8 -.20789D-06 -.11483D-06
   35   -7 0.32999D-06 -.30813D-06
   35   -6 0.24840D-06 -.44877D-06
   35   -5 -.41966D-06 -.24009D-06
   35   -4 -.16915D-06 0.96918D-06
   35   -3 0.68917D-07 0.16654D-06
   35   -2 0.17996D-06 -.31977D-06
   35   -1 0.56622D-06 0.36325D-06
   35    0 0.29379D-06 0.00000D+00
   35    1 -.56622D-06 0.36325D-06
   35    2 0.17996D-06 0.31977D-06
   35    3 -.68917D-07 0.16654D-06
   35    4 -.16915D-06 -.96918D-06
   35    5 0.41966D-06 -.24009D-06
   35    6 0.24840D-06 0.44877D-06
   35    7 -.32999D-06 -.30813D-06
   35    8 -.20789D-06 0.11483D-06
   35    9 -.32858D-06 -.76190D-06
   35   10 0.51815D-06 0.33245D-06
   35   11 -.26852D-08 -.71620D-06
   35   12 -.34073D-06 0.20210D-06
   35   13 0.61694D-06 -.23085D-06
   35   14 -.10902D-06 -.30953D-07
   35   15 0.19969D-06 -.29119D-06
   35   16 -.44779D-06 0.71243D-06
   35   17 0.92664D-06 -.70102D-06
   35   18 -.11840D-05 0.30067D-06
   35   19 0.69303D-06 -.57627D-06
   35   20 -.57046D-06 0.67775D-06
   35   21 0.99700D-06 -.83380D-06
   35   22 -.92292D-06 0.98558D-06
   35   23 0.18236D-06 -.98739D-06
   35   24 -.48876D-06 0.87689D-06
   35   25 0.56940D-06 -.91660D-06
   35   26 0.78859D-07 0.87615D-06
   35   27 -.29710D-06 -.88562D-06
   35   28 0.23351D-06 0.73630D-06
   35   29 0.77736D-07 -.49541D-06
   35   30 0.51685D-06 -.13272D-08
   35   31 0.19560D-07 0.50055D-07
   35   32 0.27821D-06 -.23390D-06
   35   33 -.87128D-07 0.57562D-07
   35   34 0.24283D-06 -.59586D-07
   35   35 -.36691D-07 -.10146D-08
   36  -36 0.33263D-07 -.15000D-06
   36  -35 0.39916D-07 0.56861D-06
   36  -34 0.34208D-06 0.30930D-06
   36  -33 0.18602D-07 0.25292D-06
   36  -32 0.12858D-06 0.43048D-06
   36  -31 0.53354D-06 0.24194D-06
   36  -30 0.14424D-06 0.83943D-07
   36  -29 0.56291D-06 -.30158D-06
   36  -28 0.84535D-06 -.47825D-06
   36  -27 0.84030D-06 -.39957D-06
   36  -26 0.35846D-06 -.81449D-06
   36  -25 0.26434D-06 -.70200D-06
   36  -24 0.70708D-06 -.10262D-05
   36  -23 0.78744D-07 -.10315D-05
   36  -22 -.13580D-06 -.12467D-05
   36  -21 0.72954D-07 -.89391D-06
   36  -20 0.14722D-06 -.85363D-06
   36  -19 -.53812D-06 -.87905D-06
   36  -18 -.28927D-06 -.11024D-05
   36  -17 0.97782D-07 -.10704D-05
   36  -16 0.10283D-06 -.38646D-06
   36  -15 -.16550D-06 -.28600D-06
   36  -14 -.32030D-06 -.36965D-06
   36  -13 0.14592D-06 -.73080D-06
   36  -12 0.58937D-06 -.52910D-06
   36  -11 0.44449D-06 -.12589D-06
   36  -10 0.68694D-06 0.36881D-06
   36   -9 0.69060D-07 -.31701D-06
   36   -8 0.21454D-06 -.39339D-06
   36   -7 0.33247D-06 -.49944D-06
   36   -6 0.49401D-06 -.15773D-06
   36   -5 -.25829D-06 -.90151D-07
   36   -4 -.13351D-07 0.23158D-06
   36   -3 -.34061D-06 0.34001D-06
   36   -2 0.98565D-07 0.29942D-06
   36   -1 0.51450D-06 0.45227D-06
   36    0 -.19063D-06 0.00000D+00
   36    1 -.51450D-06 0.45227D-06
   36    2 0.98565D-07 -.29942D-06
   36    3 0.34061D-06 0.34001D-06
   36    4 -.13351D-07 -.23158D-06
   36    5 0.25829D-06 -.90151D-07
   36    6 0.49401D-06 0.15773D-06
   36    7 -.33247D-06 -.49944D-06
   36    8 0.21454D-06 0.39339D-06
   36    9 -.69060D-07 -.31701D-06
   36   10 0.68694D-06 -.36881D-06
   36   11 -.44449D-06 -.12589D-06
   36   12 0.58937D-06 0.52910D-06
   36   13 -.14592D-06 -.73080D-06
   36   14 -.32030D-06 0.36965D-06
   36   15 0.16550D-06 -.28600D-06
   36   16 0.10283D-06 0.38646D-06
   36   17 -.97782D-07 -.10704D-05
   36   18 -.28927D-06 0.11024D-05
   36   19 0.53812D-06 -.87905D-06
   36   20 0.14722D-06 0.85363D-06
   36   21 -.72954D-07 -.89391D-06
   36   22 -.13580D-06 0.12467D-05
   36   23 -.78744D-07 -.10315D-05
   36   24 0.70708D-06 0.10262D-05
   36   25 -.26434D-06 -.70200D-06
   36   26 0.35846D-06 0.81449D-06
   36   27 -.84030D-06 -.39957D-06
   36   28 0.84535D-06 0.47825D-06
   36   29 -.56291D-06 -.30158D-06
   36   30 0.14424D-06 -.83943D-07
   36   31 -.53354D-06 0.24194D-06
   36   32 0.12858D-06 -.43048D-06
   36   33 -.18602D-07 0.25292D-06
   36   34 0.34208D-06 -.30930D-06
   36   35 -.39916D-07 0.56861D-06
   36   36 0.33263D-07 0.15000D-06
